0 32 10
0 43 8
53 40 8
38 27 5
17 0 8
52 21 5
0 31 1
27 52 10
40 30 2
0 0 9
43 27 10
43 41 4
21 35 7
0 47 7
59 40 6
62 40 9
62 24 7
0 61 4
35 36 9
32 26 8
61 56 8
43 36 6
62 0 3
47 33 10
47 53 9
0 27 4
32 32 9
61 52 1
19 0 6
0 62 3
0 52 10
0 55 7
47 27 4
62 10 2
36 62 10
21 59 4
0 8 7
62 0 2
40 0 2
40 9 5
62 62 8
0 61 5
36 9 4
62 34 5
23 59 6
61 26 8
53 0 1
59 41 3
20 50 8
21 21 1
0 43 7
53 32 4
47 13 2
62 23 9
55 62 7
27 0 4
23 40 10
40 47 5
21 53 10
0 0 3
26 39 3
27 41 3
36 27 1
41 27 9
40 52 9
62 27 3
0 24 5
35 61 10
32 53 10
47 20 2
55 47 1
0 40 6
0 47 5
0 35 9
47 21 9
52 52 10
56 55 2
62 32 9
23 36 5
52 55 4
0 0 5
31 0 9
0 53 8
20 0 10
30 21 5
33 53 7
0 39 7
3 21 4
15 21 4
40 0 4
9 9 7
36 38 4
48 61 5
62 13 1
0 0 6
0 59 10
47 35 1
62 48 3
40 33 6
27 25 2
62 41 2
0 20 7
47 0 10
53 40 2
27 9 6
59 27 7
13 35 2
38 62 4
0 33 1
59 50 3
62 0 7
47 56 8
48 22 4
55 61 6
55 47 9
52 34 9
47 25 3
1 0 2
21 62 6
62 52 8
55 9 6
24 62 4
0 17 4
62 47 6
53 10 9
0 32 1
27 36 4
32 53 6
40 53 6
0 13 8
32 0 2
0 27 8
56 32 6
22 52 2
53 36 9
3 62 8
53 21 2
0 0 1
0 62 8
0 47 2
24 23 4
27 40 1
4 0 2
27 56 7
27 27 8
55 35 8
56 41 5
0 47 5
45 19 1
41 34 4
0 59 9
35 40 1
53 47 8
0 38 4
49 62 1
0 62 4
0 52 9
40 59 9
0 62 1
60 55 8
0 23 6
17 41 8
23 23 7
0 0 9
40 21 3
62 0 4
10 53 7
43 16 4
22 59 3
4 53 2
63 0 5
62 21 3
40 16 2
36 32 7
43 62 8
0 62 2
53 0 8
48 0 5
47 27 10
48 62 10
62 10 1
40 56 1
0 40 4
47 62 2
3 0 9
14 52 2
62 23 10
40 10 8
0 23 3
0 21 5
41 21 5
0 43 8
56 40 10
25 21 9
62 38 8
13 0 8
0 0 10
45 53 8
14 40 1
53 27 2
21 27 2
0 27 6
40 52 8
36 27 1
23 0 5
0 47 6
27 0 1
35 21 3
53 48 4
32 43 9
21 0 6
50 0 4
35 56 9
25 0 10
47 62 7
40 0 3
43 21 9
6 62 9
0 27 3
62 0 9
47 21 1
0 0 2
0 14 2
62 26 6
47 21 3
25 21 6
21 59 7
43 21 4
0 0 6
27 34 6
41 0 10
27 53 10
13 47 8
55 56 5
21 41 7
31 53 6
56 0 6
0 0 7
58 21 8
0 21 7
21 21 6
48 27 9
59 0 4
0 41 2
43 21 2
47 21 7
0 0 8
27 40 5
27 46 7
34 47 3
36 21 9
17 27 9
33 0 10
26 40 7
21 0 4
41 55 7
22 0 10
24 62 10
48 0 4
21 25 2
16 0 5
0 35 10
38 63 7
40 33 1
27 23 4
0 27 5
30 0 4
22 0 10
0 56 9
27 0 7
0 53 10
47 27 6
36 1 2
21 53 3
16 40 6
27 40 2
55 13 7
24 40 3
63 47 4
0 61 8
0 9 6
55 21 10
53 0 9
21 3 9
61 63 9
33 14 9
48 16 4
40 53 9
23 51 1
33 38 1
56 62 6
0 53 2
40 59 8
52 63 4
40 23 9
21 47 9
62 47 9
27 27 5
47 0 4
0 11 2
62 42 7
0 40 4
0 0 4
62 13 1
21 24 8
40 0 10
61 21 9
19 53 5
0 36 5
47 2 8
56 7 10
33 59 1
0 35 8
53 30 7
52 13 7
0 61 6
19 31 7
55 0 10
0 53 8
24 47 2
0 35 4
62 42 10
40 47 5
53 40 9
43 0 2
33 17 6
33 0 3
0 0 9
32 0 3
51 40 10
0 0 1
40 43 3
0 52 7
52 0 9
62 0 7
10 0 3
31 0 8
3 0 8
40 0 4
24 0 6
47 23 1
27 38 4
63 59 8
35 61 4
0 0 8
40 21 9
21 0 8
48 53 10
48 21 6
55 21 8
19 61 4
0 61 9
62 23 4
53 55 2
4 56 10
40 0 3
52 10 4
0 48 2
0 0 5
53 0 4
40 35 4
47 40 3
47 0 8
27 33 6
0 61 10
63 55 10
47 13 7
24 0 9
55 21 3
20 55 3
40 0 7
53 47 8
21 21 4
4 62 5
47 32 1
35 0 8
62 62 4
52 4 7
33 53 3
25 0 6
40 47 5
21 55 3
0 62 3
0 62 9
62 0 10
26 32 10
0 26 2
27 53 5
0 56 5
0 15 3
24 62 8
21 5 2
62 0 7
62 26 6
0 52 9
59 53 2
47 53 5
33 0 2
59 19 10
21 13 3
53 21 2
32 24 7
0 53 1
0 40 3
0 0 2
48 27 10
53 52 2
24 27 5
43 0 7
27 26 6
0 0 3
33 63 1
36 21 1
0 50 2
55 0 10
48 52 6
40 0 4
27 21 2
4 27 1
25 40 10
27 13 7
17 0 9
0 27 2
39 27 5
32 59 6
0 3 3
43 62 1
27 62 8
27 36 4
48 27 3
0 40 1
0 34 3
0 21 4
16 21 9
27 47 9
0 39 9
40 61 7
0 0 7
21 0 8
0 62 5
52 0 6
21 47 7
27 0 2
0 33 8
0 0 1
53 47 7
10 55 8
18 0 5
48 21 3
22 62 8
47 47 5
53 41 4
27 0 5
41 32 6
61 20 10
61 21 2
52 47 4
0 16 6
0 0 6
24 53 8
40 59 10
35 62 3
47 22 7
6 21 5
55 21 3
7 41 5
41 10 7
27 0 9
2 19 6
0 40 4
52 24 5
61 20 1
21 47 4
35 56 1
47 53 6
53 59 7
0 35 9
47 43 4
20 47 3
43 53 2
35 0 3
62 24 8
0 2 1
21 62 6
53 40 8
43 59 1
26 41 5
0 0 10
0 47 8
0 27 8
0 0 3
5 31 10
0 48 9
21 33 7
40 47 9
47 0 3
13 40 9
40 21 9
53 21 5
59 55 9
53 32 4
0 35 4
0 62 4
0 55 9
0 56 10
40 40 8
36 23 9
34 27 3
0 62 3
55 21 3
23 0 6
53 61 2
61 36 6
35 59 10
47 21 9
53 47 6
53 0 6
53 21 2
47 0 10
40 20 4
53 61 8
33 62 2
36 27 3
47 47 3
40 0 2
0 3 1
10 34 1
62 33 6
32 55 4
53 32 1
0 0 4
21 62 4
27 36 2
45 47 7
53 62 3
0 53 7
27 0 3
59 62 8
13 34 3
47 21 5
36 21 9
53 52 4
59 56 7
27 0 1
22 27 6
22 20 10
14 27 7
0 40 7
41 21 4
56 47 8
62 47 3
32 0 7
56 40 3
53 0 10
53 55 6
48 0 8
47 62 6
59 61 6
58 52 6
47 43 4
40 53 5
0 0 7
53 27 6
0 33 5
0 32 7
62 53 8
0 25 8
41 14 4
21 2 10
40 38 1
47 0 7
47 10 5
40 55 5
0 59 1
62 43 1
0 21 6
40 21 7
0 47 7
27 53 6
0 27 10
0 21 3
62 48 3
21 0 10
55 0 4
55 32 1
19 62 2
14 21 5
21 62 2
61 27 7
23 8 6
0 4 2
48 0 9
47 62 2
0 0 2
19 27 7
0 19 7
62 30 1
35 41 7
43 53 4
19 21 7
47 21 1
61 53 2
43 47 9
51 61 4
40 53 7
25 21 1
27 14 6
40 62 4
0 40 5
0 0 2
42 23 9
56 0 1
22 4 7
40 59 7
34 0 6
0 0 8
41 0 6
40 43 10
40 0 7
19 27 3
53 62 2
35 47 6
47 27 2
0 0 6
13 36 9
0 40 5
47 0 8
45 0 5
41 24 8
21 40 1
23 36 2
61 40 3
35 0 6
0 0 4
32 53 2
27 26 3
21 13 5
0 23 4
47 62 2
48 61 8
2 48 4
55 0 8
59 40 2
53 0 7
41 56 4
52 40 1
0 0 2
14 41 2
35 30 3
0 47 1
27 53 9
0 21 9
40 21 7
47 0 9
40 32 4
47 33 7
23 62 6
47 43 4
10 22 7
60 0 3
41 27 1
62 0 10
16 53 1
0 3 8
0 16 5
40 0 2
21 0 8
33 36 7
21 33 4
0 23 6
23 23 6
0 0 6
0 56 1
41 19 8
0 36 8
21 55 1
58 53 1
40 62 4
47 52 2
40 59 10
40 0 7
40 0 5
47 33 6
56 32 1
59 0 8
39 16 7
52 3 3
26 21 7
3 43 9
27 0 7
62 0 10
62 27 9
24 0 3
0 0 5
53 22 9
0 48 7
53 53 2
21 59 9
40 47 7
13 0 9
3 21 9
27 0 3
33 21 2
33 26 8
47 43 1
32 40 4
51 43 4
43 23 5
21 35 5
9 35 9
30 62 9
0 0 6
62 4 2
19 21 1
53 48 10
59 16 1
43 61 2
53 27 9
0 21 7
0 19 10
41 40 3
0 5 9
53 52 9
40 47 9
19 14 10
0 59 5
0 59 6
4 9 7
14 0 8
0 35 3
61 16 7
53 39 1
62 47 5
53 47 4
47 59 2
0 30 1
41 41 2
59 10 4
58 53 7
61 40 6
62 0 7
47 1 9
33 39 8
0 20 2
40 47 9
52 53 8
0 41 8
40 0 1
62 0 4
55 40 10
47 53 3
27 34 4
0 13 5
0 27 8
0 36 4
40 51 9
53 33 3
11 16 5
48 31 2
0 0 4
0 21 6
0 61 3
47 0 9
53 24 6
16 13 2
40 47 9
23 47 7
48 0 4
21 0 2
0 43 4
59 48 7
52 13 6
35 52 10
40 27 10
47 32 9
33 13 3
24 56 1
27 62 3
45 0 8
0 22 2
53 23 6
40 61 7
0 35 2
53 48 4
21 40 2
40 0 9
62 61 3
62 53 1
52 0 10
47 41 1
61 27 2
47 23 10
33 2 3
26 59 4
41 56 4
0 53 3
46 0 9
61 39 9
36 40 1
40 41 1
40 33 9
0 21 1
62 10 6
40 35 4
47 59 6
36 62 6
62 53 7
30 48 9
41 0 2
23 0 1
47 39 9
53 52 4
35 52 3
0 22 8
0 52 10
12 40 6
62 53 4
40 41 5
56 21 9
55 62 5
21 49 8
20 40 2
0 41 8
4 62 2
47 32 2
21 62 5
28 27 10
53 16 7
5 27 6
21 62 6
0 33 8
0 24 1
21 61 5
47 4 10
21 33 1
39 40 4
4 0 10
53 0 1
62 62 9
62 45 5
53 21 6
47 2 10
13 27 1
0 60 10
47 4 6
52 16 2
62 0 7
62 14 7
36 33 9
62 0 5
52 59 6
59 0 10
47 0 8
21 48 1
21 47 5
27 32 2
0 24 2
59 21 3
0 0 1
0 27 6
40 53 6
35 53 2
51 24 10
14 27 2
47 35 8
59 35 5
40 0 10
33 25 8
53 52 8
0 24 10
50 27 8
0 59 7
35 0 5
2 13 2
21 0 1
52 47 9
27 2 8
43 0 2
40 47 5
33 20 9
0 48 9
52 62 4
0 62 4
0 53 8
0 47 4
0 27 7
0 62 6
39 0 9
34 23 9
32 32 6
51 47 4
43 0 2
27 21 2
63 33 6
43 4 7
21 0 4
14 33 5
0 47 9
48 59 2
21 11 9
13 27 10
62 33 3
33 53 3
59 45 3
48 55 2
53 0 5
62 56 4
0 40 3
62 53 5
23 24 3
0 0 2
20 13 3
13 16 8
36 2 6
0 21 4
0 21 10
36 47 7
0 23 4
40 0 5
38 0 1
62 40 10
53 13 5
43 47 9
27 53 9
41 21 8
10 3 9
0 0 10
23 48 5
53 55 9
0 0 3
46 47 8
40 21 8
40 20 5
62 33 1
62 53 10
47 40 10
47 40 3
23 39 9
19 21 5
0 23 7
3 14 2
62 0 5
62 13 3
41 40 6
62 0 4
35 41 1
47 52 3
48 56 3
59 39 5
61 21 7
48 25 5
30 59 2
35 36 7
49 0 5
53 53 10
21 53 1
53 4 1
0 0 7
0 10 9
19 47 10
40 62 10
0 0 9
59 35 2
42 27 7
20 40 4
0 51 6
19 53 9
55 0 9
33 55 2
61 0 7
47 60 6
62 0 1
59 35 3
9 36 6
0 56 1
27 36 1
48 53 9
39 53 5
20 36 6
30 25 1
61 63 2
40 0 4
47 53 5
61 27 4
47 62 10
0 47 5
27 53 9
27 3 3
41 0 3
32 40 3
59 45 7
0 32 8
52 27 4
45 20 2
62 56 3
33 21 5
23 43 7
40 0 9
40 0 9
62 62 5
27 36 7
0 0 1
62 36 10
41 6 6
30 0 8
40 36 3
20 0 6
62 62 9
62 3 4
35 55 9
47 27 8
40 42 1
61 43 4
21 53 9
4 62 1
35 0 7
53 48 5
61 41 4
0 40 2
0 4 4
32 0 1
33 7 7
27 47 4
27 24 4
47 23 1
33 27 7
0 38 1
0 0 3
27 21 10
21 41 3
41 3 6
36 0 7
0 13 7
24 0 6
33 62 6
35 40 8
27 23 1
47 39 8
2 59 4
55 24 7
63 33 5
53 35 6
21 53 7
0 46 3
40 41 7
10 47 7
26 47 9
50 53 10
13 53 10
0 52 2
21 53 1
57 8 4
52 40 10
0 47 6
0 62 7
27 0 9
0 47 10
23 53 2
21 47 7
53 27 3
0 53 2
62 41 1
3 0 10
31 59 1
0 45 6
0 0 9
0 0 10
43 52 10
0 21 9
24 62 8
56 62 2
53 40 6
32 53 9
22 32 1
21 14 4
43 40 6
27 0 7
43 40 1
46 0 1
0 0 9
59 21 4
34 47 9
0 55 6
56 40 9
40 23 8
36 42 2
0 40 3
0 0 6
25 21 1
23 41 1
0 21 1
23 27 4
53 53 9
9 56 9
0 27 6
62 52 10
38 21 10
41 46 2
33 13 6
28 55 10
21 27 5
56 47 8
23 48 8
36 47 4
59 0 10
0 33 4
0 56 3
3 52 9
62 62 2
41 4 5
51 0 9
48 40 3
38 0 1
27 36 10
0 27 7
0 14 8
9 47 5
40 10 3
37 56 8
47 62 1
62 19 4
39 53 8
2 20 10
55 62 1
0 44 4
40 21 1
62 43 9
22 0 9
40 7 4
53 22 6
0 13 1
0 36 3
21 59 6
0 47 4
0 62 4
0 32 1
48 0 3
53 13 6
35 19 8
21 33 8
24 41 5
0 52 10
36 48 2
36 24 5
35 47 6
0 21 5
40 53 2
21 41 2
61 40 1
47 27 10
42 36 6
43 0 5
47 21 9
53 47 3
47 53 5
0 43 8
33 21 6
47 53 8
23 0 4
20 23 2
36 0 5
47 47 9
0 24 3
27 55 2
0 55 2
36 55 9
20 53 8
47 62 7
0 53 7
40 13 1
9 0 4
35 40 8
31 47 4
0 24 4
0 40 7
27 56 9
47 0 1
62 47 10
40 62 6
52 40 2
0 27 1
52 21 6
27 33 1
0 40 8
40 23 4
40 33 2
13 40 10
17 0 4
42 21 3
10 33 3
27 27 10
21 53 5
47 27 2
53 0 10
0 63 5
59 53 10
47 27 6
33 52 6
0 53 4
35 59 2
0 21 10
53 27 9
63 0 5
23 0 5
56 34 6
0 21 3
40 40 3
35 56 10
21 32 6
31 0 1
27 0 1
61 27 7
56 0 1
0 3 1
40 40 2
47 9 5
27 52 6
0 27 9
61 47 9
43 63 3
0 21 2
62 40 8
21 56 7
53 47 1
32 40 6
32 27 1
27 0 2
33 21 9
24 27 9
0 21 5
35 59 5
26 0 7
55 53 2
47 35 4
36 9 10
56 33 6
23 36 2
7 32 7
0 56 3
53 27 6
0 21 3
59 21 10
52 0 2
27 41 10
36 20 2
0 19 5
14 0 9
58 56 10
48 59 5
62 52 2
55 0 7
3 62 5
41 0 5
23 10 6
24 61 5
21 32 3
44 43 1
16 0 1
20 35 2
53 62 2
0 55 9
30 32 6
33 21 10
0 53 6
0 0 3
38 33 7
40 27 9
53 27 4
53 13 7
0 55 7
55 21 4
56 0 8
0 36 9
0 40 3
62 60 2
30 32 10
27 21 10
27 47 8
39 32 6
24 56 5
41 62 8
55 5 6
27 21 10
35 61 3
0 16 8
48 43 1
40 0 10
62 59 1
0 30 7
61 62 6
53 21 10
61 47 2
33 62 9
26 53 1
40 21 6
62 62 8
61 40 2
19 53 10
53 47 7
21 21 5
0 22 7
0 47 2
37 30 4
47 55 4
62 48 1
62 21 2
0 3 10
53 0 4
61 62 3
53 35 6
3 27 4
51 0 3
13 63 1
0 33 10
38 0 2
40 0 3
0 40 9
42 0 3
27 0 6
0 34 7
0 47 8
24 27 10
55 0 4
0 0 8
27 0 3
62 0 9
53 14 9
55 40 3
10 21 8
31 47 3
22 47 10
27 24 3
40 44 10
0 45 9
0 52 4
13 19 5
54 52 6
0 53 7
27 50 10
24 21 4
56 0 6
36 52 4
27 53 6
13 40 3
47 62 7
23 0 4
27 0 3
47 21 10
15 52 3
36 53 5
0 41 2
0 52 3
53 21 8
0 8 10
0 0 1
24 26 3
40 62 6
21 41 9
62 40 9
42 53 4
14 0 6
62 35 5
40 23 8
40 40 1
56 36 7
55 16 7
45 34 3
0 47 5
0 41 5
53 0 10
0 0 7
23 0 3
27 23 7
59 27 4
55 0 8
1 52 8
0 55 1
47 52 3
52 21 7
61 53 10
61 0 6
43 19 4
23 0 3
40 0 9
47 19 4
0 53 2
53 43 5
0 36 5
0 36 8
0 47 1
47 52 3
59 23 5
53 0 7
24 0 8
19 14 4
62 56 3
41 0 5
59 0 7
0 47 7
48 35 6
0 0 4
43 62 1
32 27 1
41 0 5
61 21 6
62 62 9
43 48 10
0 59 5
40 40 9
0 40 7
32 0 5
13 0 10
36 0 10
27 33 4
51 47 1
53 56 10
61 0 2
62 55 5
62 43 2
41 47 7
23 33 7
47 26 4
36 21 2
36 55 6
56 24 8
61 0 6
27 62 2
27 47 2
36 53 1
47 32 7
27 0 7
27 0 10
13 44 9
23 0 5
0 53 1
42 24 10
0 0 5
53 13 2
53 45 10
61 0 7
62 56 7
62 24 1
62 53 9
0 40 2
24 21 4
33 33 8
53 47 4
62 33 4
16 0 5
0 61 5
21 10 2
0 21 1
27 56 8
0 33 6
55 20 2
35 0 6
0 53 6
32 47 1
55 27 4
47 40 9
40 32 2
43 21 10
7 27 5
0 33 2
21 23 2
0 23 7
0 0 1
43 20 10
47 40 7
27 0 8
32 59 6
0 21 5
0 6 10
40 21 10
36 56 2
0 52 8
52 0 1
62 56 6
40 62 3
40 35 6
0 0 3
0 56 9
21 47 5
53 31 9
34 24 6
61 48 5
40 0 9
0 62 4
4 0 2
21 0 1
26 21 3
0 21 8
40 21 6
30 32 10
61 55 1
0 36 3
27 21 4
63 0 8
0 41 9
41 0 3
47 14 6
0 19 6
62 47 8
27 62 3
27 47 9
30 0 3
0 36 6
62 0 9
61 47 6
0 0 8
22 62 4
0 32 8
21 0 5
35 23 7
10 23 2
21 0 1
0 53 7
36 23 10
62 0 6
48 59 10
41 13 7
53 35 10
62 24 7
3 36 1
21 48 1
13 52 6
0 53 7
53 15 2
21 27 9
63 40 2
5 53 3
0 27 7
62 3 7
50 52 4
27 0 9
27 43 2
