19 251 3
205 95 7
25 253 9
90 205 3
251 213 4
250 193 9
245 232 7
143 168 2
233 232 9
12 80 8
251 14 1
91 217 4
38 251 8
238 17 8
216 81 5
90 27 8
151 32 6
216 98 5
151 81 4
17 98 1
187 216 9
209 98 8
54 133 1
222 27 9
233 237 6
114 216 7
114 7 9
190 155 9
179 237 9
49 245 6
54 193 5
114 27 3
168 151 3
17 225 4
151 203 1
216 7 5
88 138 2
150 156 2
136 19 3
32 12 9
213 4 4
127 150 3
216 151 7
216 158 4
233 50 4
201 54 8
14 54 5
190 216 2
105 216 6
201 156 4
114 221 3
168 176 10
81 12 4
217 158 3
190 17 4
82 216 9
176 59 4
90 81 1
151 118 7
251 17 6
16 192 2
190 88 8
17 216 10
124 216 1
17 88 8
216 98 8
12 175 7
179 211 10
81 88 9
81 219 4
168 216 10
190 81 8
221 168 4
95 98 9
7 19 9
38 82 5
114 82 5
151 216 5
179 132 10
54 82 9
239 220 4
106 151 6
216 82 10
216 190 7
211 88 4
216 220 8
24 17 3
88 216 3
243 218 1
175 76 5
151 216 6
98 193 10
43 17 4
216 201 3
54 179 4
151 187 9
102 114 7
203 114 2
129 216 2
132 251 8
4 216 8
147 216 8
240 221 8
46 27 3
216 216 9
31 254 8
156 206 10
162 164 6
16 151 2
254 30 4
221 187 3
138 54 7
17 216 4
88 217 3
94 71 9
11 26 10
54 203 3
50 151 3
94 90 5
54 13 4
179 232 10
209 151 4
216 237 5
88 211 9
239 168 9
118 26 10
50 82 4
216 151 8
54 151 10
102 245 7
113 54 8
14 190 3
113 21 3
217 217 4
216 190 3
81 206 3
30 239 10
216 12 6
184 216 10
216 216 3
4 254 6
88 156 10
187 81 10
163 54 8
201 176 4
54 245 4
17 98 7
179 90 2
238 156 7
156 59 6
205 196 6
19 17 8
19 179 6
98 31 4
39 151 4
216 82 6
151 88 7
115 254 3
156 118 9
161 184 9
12 141 5
88 179 3
151 222 4
193 82 9
54 187 3
101 25 10
232 190 6
202 161 9
251 108 4
254 232 4
233 11 8
189 3 10
187 153 10
254 187 3
151 249 10
245 88 2
232 85 2
127 160 10
203 238 8
217 216 6
247 27 6
118 114 9
168 193 1
132 113 5
216 190 10
251 190 9
193 238 10
254 98 5
190 114 3
82 119 3
27 24 1
78 36 2
251 88 7
184 193 5
151 179 8
65 156 10
229 90 8
43 216 10
127 78 9
177 88 8
127 151 5
115 216 2
31 98 7
162 190 8
232 168 8
113 90 7
98 190 8
46 17 6
88 213 4
216 209 2
216 80 6
216 193 5
184 200 7
14 179 5
234 17 10
216 216 10
238 162 1
7 197 10
216 216 3
102 127 9
189 216 3
156 216 6
245 190 1
113 195 1
82 216 10
189 32 1
98 245 2
233 155 3
190 245 10
216 221 1
190 59 3
232 193 2
168 54 1
20 251 4
102 190 7
216 216 8
60 216 3
66 178 4
201 156 9
196 81 2
114 225 10
254 233 6
81 74 1
78 152 4
179 39 8
17 90 9
158 55 6
98 151 1
88 141 9
88 216 3
220 54 4
216 54 6
222 54 10
219 114 6
150 230 4
216 254 7
184 216 5
116 17 6
234 98 7
254 254 8
233 12 6
193 113 3
196 187 4
216 216 4
54 184 10
222 151 5
193 118 8
59 203 10
250 90 8
17 78 10
114 184 9
98 138 8
216 151 3
134 17 2
138 209 5
132 54 4
163 190 4
7 110 6
118 184 1
88 26 8
98 203 10
162 132 6
127 99 9
190 30 7
24 216 5
28 214 6
193 216 7
217 190 6
173 7 10
58 136 7
216 81 10
216 88 10
254 156 9
54 88 4
84 151 6
115 99 10
216 193 9
156 216 7
190 254 8
219 54 3
151 88 3
127 98 6
54 216 5
145 221 8
88 204 4
216 205 3
247 108 9
156 31 5
251 222 10
206 25 5
54 54 3
216 156 3
81 54 10
173 234 9
254 17 1
229 158 7
14 216 5
173 151 3
19 127 9
138 217 2
88 88 8
38 92 3
151 216 2
193 152 6
216 90 1
201 101 5
4 216 5
114 216 7
12 184 1
216 54 9
94 78 10
193 216 2
178 114 3
187 216 2
138 222 1
203 230 7
19 190 4
213 98 6
43 88 6
4 216 1
250 138 3
232 254 2
54 156 2
151 166 8
25 98 8
82 90 9
151 164 9
216 127 3
82 17 8
216 152 8
216 196 7
168 245 9
165 88 3
97 216 5
98 217 7
216 147 5
88 98 10
88 26 3
156 190 8
145 251 4
247 193 5
127 32 3
59 156 7
26 25 9
156 165 5
190 12 8
179 254 3
217 90 7
203 249 10
8 217 5
193 187 9
50 216 7
216 189 1
216 238 6
253 12 8
216 216 3
156 132 3
105 54 8
222 7 10
31 219 7
251 254 1
232 165 2
168 132 8
187 179 10
217 201 1
245 91 10
14 27 4
253 217 6
82 175 9
113 17 2
254 97 6
54 189 7
74 37 7
98 216 4
216 213 8
213 127 8
217 88 3
216 126 10
217 13 10
158 81 5
190 54 6
17 88 9
216 16 10
216 184 4
17 216 7
196 196 4
163 98 2
17 133 8
54 81 6
26 152 10
209 88 9
245 216 9
216 213 10
190 17 4
28 216 1
232 156 8
219 4 5
40 82 2
40 216 8
251 203 3
17 151 5
38 108 2
91 239 6
187 216 2
38 54 7
54 11 2
190 156 7
216 209 5
54 90 3
88 54 7
213 98 4
221 190 2
151 216 4
216 114 9
168 168 10
233 94 6
145 28 4
20 17 7
81 216 10
179 216 9
232 17 8
168 102 1
132 254 9
232 156 2
127 238 10
251 216 5
216 219 8
97 88 1
17 54 1
81 136 3
187 63 9
190 138 1
216 37 6
232 88 5
151 254 2
98 216 3
4 254 4
17 216 9
76 254 3
132 180 10
113 43 10
19 98 7
4 151 10
156 118 3
162 190 7
190 4 7
12 114 7
254 151 3
178 151 2
204 142 5
25 176 2
127 156 3
17 238 8
221 216 5
64 17 5
216 238 1
254 113 4
209 254 6
212 216 1
168 200 9
176 4 6
216 86 6
156 219 3
168 0 4
88 136 8
88 252 4
124 216 8
237 55 2
132 57 10
133 190 6
130 190 3
216 196 8
4 7 3
168 88 6
238 190 7
160 82 5
216 54 7
151 127 6
82 163 8
254 190 2
213 245 3
151 81 3
203 216 6
229 90 8
115 12 1
54 247 7
88 254 4
17 98 4
205 17 7
220 216 5
216 78 4
4 216 9
17 190 9
203 190 1
132 151 9
17 251 9
132 179 8
12 216 3
233 151 7
156 14 4
159 184 8
48 151 1
138 5 7
187 233 3
4 238 2
4 176 7
254 131 7
200 168 6
88 98 6
14 190 3
108 102 6
32 88 9
90 151 9
238 216 7
254 41 8
201 14 3
144 4 1
189 82 9
216 184 1
4 228 7
233 179 9
164 252 4
216 251 7
81 151 6
233 176 4
17 216 2
156 88 7
249 136 2
17 75 8
98 216 6
237 118 6
203 17 9
190 187 1
156 234 3
88 174 2
216 118 10
217 213 10
82 250 3
151 88 10
141 151 4
151 17 6
251 98 1
17 54 1
38 78 6
214 216 9
187 32 3
228 17 3
168 238 1
97 216 4
211 254 1
184 190 1
32 199 9
201 156 1
132 98 5
151 216 2
4 88 1
98 216 5
118 107 3
136 221 7
229 88 1
156 216 1
95 190 8
102 190 2
245 88 9
119 187 6
209 176 4
27 127 7
191 54 9
156 232 6
115 254 3
114 168 9
85 168 8
26 26 2
132 17 1
232 138 2
216 175 7
17 127 5
119 98 4
88 88 9
12 94 9
184 54 3
209 168 4
132 184 7
57 132 2
213 118 7
108 151 3
107 201 5
173 132 2
17 17 3
239 54 3
102 216 9
216 59 7
151 54 2
184 151 3
216 98 7
54 201 2
59 254 2
118 148 9
234 254 9
209 24 4
190 98 4
238 17 6
4 124 5
82 156 5
156 90 2
14 250 9
12 138 6
233 254 10
67 88 9
4 152 8
203 156 2
156 114 2
201 88 5
17 179 10
216 12 4
88 216 9
98 113 2
151 20 1
187 184 5
127 190 6
193 108 7
217 51 7
90 17 6
95 98 10
12 54 8
237 108 7
98 12 3
88 216 5
83 216 2
173 216 5
140 180 7
82 14 7
130 220 1
39 247 6
187 219 10
175 205 4
84 221 3
201 187 7
216 203 5
217 214 2
88 254 5
179 114 10
43 179 3
81 216 8
136 70 4
129 179 3
216 217 1
97 216 10
90 216 6
156 221 7
151 156 1
113 193 1
209 54 3
53 216 2
17 115 3
168 162 7
31 221 2
221 17 8
16 216 9
151 216 4
180 151 9
138 118 2
168 156 5
234 216 6
201 232 4
4 88 2
216 151 8
151 24 4
20 151 6
145 190 2
216 201 9
254 163 3
88 4 7
90 151 10
90 54 2
216 88 4
17 179 10
204 151 6
217 54 7
114 247 9
28 221 4
17 13 4
247 178 9
17 114 10
151 234 10
209 221 5
79 184 8
202 190 3
201 156 5
121 52 5
156 196 7
136 238 9
168 88 4
59 7 7
88 239 10
149 201 4
216 88 4
39 17 4
57 156 6
156 216 9
213 138 4
216 233 8
127 209 6
179 175 4
81 203 7
254 151 2
190 88 8
125 216 10
98 187 4
190 32 7
11 216 4
216 216 2
238 27 1
254 184 5
233 162 9
115 176 8
98 132 2
143 216 9
216 132 8
54 190 4
98 17 4
75 190 3
187 232 8
163 16 8
88 158 5
54 214 3
151 156 10
128 54 10
12 234 10
168 151 1
187 238 10
144 254 9
45 81 4
216 216 5
118 81 6
98 54 3
251 188 5
16 32 2
254 216 4
4 254 5
105 76 5
133 162 5
98 114 2
97 216 8
216 24 9
254 88 3
151 113 1
217 114 6
26 88 9
147 98 6
32 216 7
206 251 7
88 98 7
88 190 9
221 74 5
46 193 9
98 203 6
54 32 2
151 168 4
245 239 2
213 26 1
201 156 3
78 54 1
54 151 6
245 82 7
127 245 2
163 127 9
25 156 9
40 190 3
11 156 8
81 156 3
196 168 8
190 216 7
151 222 2
17 206 10
176 213 1
128 216 9
98 16 6
241 192 4
88 17 4
127 216 3
14 12 2
88 190 4
132 98 4
254 232 7
168 88 8
217 216 7
46 216 10
187 201 5
213 98 3
81 17 3
132 115 8
54 254 7
221 193 6
138 201 1
216 24 8
70 32 4
158 190 8
151 254 9
163 217 10
216 216 1
98 221 6
24 54 7
245 10 1
59 199 3
216 80 4
213 27 9
98 17 1
54 254 1
130 17 5
216 216 1
95 114 5
254 17 2
216 190 1
81 216 3
216 232 3
31 17 10
173 195 4
216 54 8
221 168 8
127 88 5
118 142 4
213 16 2
216 17 3
99 115 4
54 199 10
216 190 5
203 233 2
54 245 1
113 191 2
138 216 5
228 190 2
152 187 1
124 151 9
119 151 3
54 209 2
54 190 8
81 88 1
190 141 1
108 254 9
216 216 8
251 165 3
239 178 5
115 254 6
98 247 7
124 156 6
216 216 9
237 88 3
193 179 8
179 54 6
54 127 5
115 216 8
17 175 3
237 54 1
88 253 6
211 254 5
54 179 3
90 245 1
49 98 6
190 204 4
239 190 1
17 16 2
82 221 2
185 17 10
190 151 2
162 118 10
216 16 3
151 145 9
98 251 9
156 151 6
17 50 7
216 113 7
254 119 4
88 16 9
217 88 5
217 178 1
127 216 4
216 151 4
216 216 9
221 184 2
239 43 7
216 217 9
196 98 5
156 127 8
216 222 8
119 88 7
157 201 1
250 221 2
4 190 1
216 216 4
88 54 8
216 216 10
113 12 5
225 98 7
151 90 3
195 221 4
216 54 9
132 232 9
216 88 2
115 20 9
254 88 4
156 17 8
90 251 3
12 209 8
5 118 10
216 98 6
17 254 10
88 149 2
88 114 9
54 88 7
133 216 5
216 204 1
151 213 9
216 54 5
152 115 1
86 156 3
203 151 4
114 156 9
38 216 10
254 94 7
54 199 3
157 132 6
82 78 2
151 213 10
216 190 2
233 94 2
213 159 7
90 156 1
17 37 5
216 209 1
17 40 5
38 254 10
156 201 1
156 52 4
88 226 9
254 98 10
98 40 1
226 216 7
216 151 7
82 151 2
133 216 8
184 232 7
102 201 1
245 151 9
151 223 5
82 143 3
16 245 2
190 156 6
216 201 10
184 156 4
213 64 8
166 245 9
4 238 9
195 237 10
54 163 5
209 39 2
94 98 2
7 151 5
114 142 2
151 190 3
216 17 9
29 98 2
209 127 1
132 216 3
158 17 3
187 95 9
220 216 7
39 16 1
90 187 7
209 156 1
17 98 10
219 216 7
216 113 2
54 193 5
151 187 5
24 98 6
103 168 7
216 114 5
235 199 2
41 98 4
203 221 2
32 96 9
174 82 6
156 221 5
156 156 6
190 32 4
233 156 1
17 38 7
156 91 8
251 216 8
156 216 9
95 4 1
83 254 9
238 222 9
142 20 10
187 238 5
190 174 4
19 254 3
124 97 1
254 245 9
216 13 4
196 142 1
217 190 7
12 151 7
232 12 10
4 113 5
193 88 5
151 81 7
221 216 1
113 193 4
251 12 8
254 81 2
216 138 1
138 152 6
67 216 5
71 32 5
27 82 7
152 179 7
151 254 7
32 132 3
156 156 9
195 190 2
216 213 1
216 118 10
151 156 6
54 189 6
118 108 5
209 81 7
140 221 5
221 150 7
58 254 1
17 237 4
190 156 3
98 216 3
216 168 9
156 20 8
90 254 7
216 3 9
98 32 7
190 151 2
115 216 1
180 159 2
254 216 4
29 216 10
213 81 1
179 11 1
216 155 4
254 81 1
190 4 7
193 222 3
187 114 3
216 216 8
192 216 7
216 193 8
216 30 1
88 163 6
132 168 5
190 37 2
251 136 4
113 151 2
251 98 1
151 4 1
67 156 9
190 98 6
151 216 5
245 88 9
106 151 8
121 205 6
17 254 5
145 216 4
176 17 9
24 31 4
5 98 10
81 108 3
179 217 6
254 90 7
209 190 6
151 210 8
113 38 5
217 150 3
189 190 5
216 209 4
216 213 4
245 31 2
94 254 7
7 216 10
156 119 3
109 54 5
83 141 9
54 17 1
216 174 4
195 17 4
174 245 5
132 156 9
216 39 10
190 201 3
203 54 1
209 105 10
90 216 3
54 7 10
113 156 2
187 133 2
232 151 7
190 213 6
98 156 5
168 81 6
216 149 7
54 16 4
239 132 4
101 140 4
151 209 3
193 169 2
201 80 4
216 156 6
162 90 6
216 54 10
254 119 5
216 146 10
138 217 10
216 132 1
98 82 2
151 179 2
247 138 5
209 54 10
161 14 4
213 254 2
81 238 4
88 101 4
81 203 6
82 233 6
216 193 8
190 251 6
129 213 1
238 132 3
159 4 8
14 201 3
216 12 1
254 90 5
98 88 9
151 156 7
176 82 1
251 156 5
205 216 7
168 127 2
10 17 3
113 175 4
216 254 3
98 190 4
40 238 1
232 187 8
216 57 3
105 216 7
82 151 7
151 189 6
216 232 4
190 80 6
184 254 8
98 102 8
190 130 7
230 82 6
216 25 10
219 17 6
156 216 5
216 217 2
151 160 3
88 234 7
138 232 6
98 190 5
216 190 5
88 54 4
32 97 7
216 58 5
90 75 3
98 179 2
52 54 10
156 168 4
163 193 6
39 113 9
201 151 7
132 221 3
187 216 4
136 190 1
190 216 8
254 254 9
156 20 9
98 88 3
98 127 2
251 124 6
251 216 10
206 39 5
254 88 1
201 250 10
187 132 2
217 216 7
78 98 7
187 187 5
106 88 6
254 190 10
238 156 10
201 221 5
254 163 4
132 156 4
90 10 1
254 221 3
40 190 2
32 98 10
138 151 4
155 156 10
68 232 6
234 4 1
88 156 10
17 151 7
232 190 9
17 5 9
216 98 2
81 98 8
90 216 6
118 203 1
254 138 8
98 200 4
221 209 1
198 41 5
54 216 7
54 192 10
179 216 3
184 178 8
113 88 10
254 254 5
127 216 1
13 54 4
54 152 9
88 209 10
230 254 9
176 32 8
254 187 8
118 59 6
58 213 10
198 251 5
202 156 6
88 151 9
216 254 1
17 184 1
98 254 1
98 216 10
98 54 8
216 115 9
124 54 7
251 190 9
82 98 9
90 209 4
174 54 7
118 216 9
155 178 10
138 216 2
163 17 1
138 40 10
254 216 9
127 254 9
216 216 7
17 31 2
156 179 4
142 46 10
54 12 10
176 17 2
43 145 7
127 102 10
97 6 10
60 190 8
97 156 9
193 98 1
151 14 5
161 174 9
81 254 7
20 220 3
127 245 7
245 32 1
31 145 3
138 216 3
193 98 1
209 216 3
184 90 4
237 43 8
132 190 8
50 40 2
251 217 1
160 193 5
168 12 3
90 158 5
151 209 6
151 232 8
201 88 1
216 151 3
81 54 8
45 216 9
254 156 7
38 216 10
98 216 1
151 216 6
46 43 1
151 127 8
216 232 6
233 40 9
216 7 1
216 16 8
27 201 3
216 232 5
98 80 4
132 7 3
82 118 6
151 54 3
98 59 6
213 251 2
239 37 5
254 189 6
168 151 4
119 88 5
98 156 3
26 114 4
216 151 5
234 40 8
132 17 4
133 117 6
247 81 7
238 97 6
151 105 4
138 168 5
187 190 10
20 168 7
209 105 3
138 24 6
163 168 5
245 105 5
91 98 2
127 94 2
108 29 2
189 190 6
216 238 6
88 114 6
254 156 6
193 88 5
159 90 5
193 4 7
203 216 5
17 198 9
151 115 9
245 247 2
251 216 3
216 12 1
162 113 3
35 217 4
124 4 8
98 193 9
72 232 6
121 251 1
225 145 10
254 193 5
7 217 7
132 82 3
190 254 6
216 54 9
98 28 10
127 114 2
109 138 6
238 90 6
1 30 10
233 179 8
216 216 5
138 88 10
88 190 5
239 25 5
129 151 2
163 209 2
193 54 10
216 201 10
98 195 10
114 233 7
98 216 4
178 195 8
151 88 4
216 190 5
124 59 3
216 213 2
220 7 4
98 162 2
179 54 8
216 88 3
132 38 8
17 17 8
76 17 1
156 175 4
32 90 9
54 221 3
151 168 5
201 42 9
213 99 6
187 255 9
216 98 3
82 216 5
17 119 4
102 151 9
54 245 6
54 131 2
216 32 7
114 193 1
98 176 3
118 216 10
54 184 7
193 156 10
136 237 5
216 98 2
83 151 9
151 88 7
54 98 5
179 221 3
216 216 8
233 175 8
232 193 3
205 88 1
145 113 2
168 101 8
114 232 3
216 216 9
90 193 9
213 221 4
201 54 9
213 251 5
88 118 1
239 156 8
254 199 9
17 55 4
216 17 1
221 140 3
187 54 2
132 17 6
216 195 10
151 245 7
209 98 8
88 94 8
132 113 5
187 110 4
216 245 6
216 91 6
98 98 8
216 219 6
95 216 5
138 190 5
217 209 3
184 165 9
113 17 7
105 216 8
32 199 9
190 136 8
213 163 6
79 216 3
78 187 8
216 254 7
39 168 1
113 209 5
190 216 4
88 4 5
193 216 4
88 17 6
201 31 6
103 138 9
216 178 8
98 245 2
216 4 1
205 216 5
54 113 2
54 248 5
17 208 6
78 58 3
213 190 9
4 39 10
59 216 1
233 245 6
216 216 4
216 190 8
54 90 6
254 155 10
40 82 2
254 14 8
203 254 6
59 158 9
203 254 7
12 151 3
178 54 4
78 196 2
190 151 1
209 4 2
54 168 9
54 151 8
11 88 10
216 210 10
80 124 3
7 168 10
39 190 2
127 12 9
216 216 7
54 254 9
189 29 2
156 238 2
216 98 7
17 4 6
247 190 6
17 151 10
151 201 2
39 54 6
216 41 7
31 162 5
54 203 9
17 54 8
4 82 2
39 174 10
203 161 2
254 50 10
233 201 10
27 4 3
88 160 6
190 254 4
88 101 8
187 216 3
254 216 7
180 201 6
184 187 1
88 216 7
251 82 5
7 31 4
165 54 9
254 50 8
4 55 4
95 158 2
114 121 10
138 190 8
127 39 3
114 254 1
216 168 5
127 143 4
17 54 3
88 216 5
88 169 6
98 23 5
190 203 8
156 136 10
179 17 9
119 88 5
216 232 3
190 113 4
129 156 6
59 156 3
151 216 5
203 37 3
254 216 6
179 213 10
254 88 7
254 221 1
253 232 2
206 30 1
247 216 9
209 151 1
226 88 1
156 151 3
151 234 6
178 254 3
216 4 3
17 145 10
81 151 5
132 238 10
32 237 3
178 175 5
114 98 1
156 158 5
213 254 6
145 201 2
19 32 3
152 90 1
216 43 8
127 12 7
156 216 7
254 97 7
105 151 9
191 216 8
185 156 5
136 59 5
190 174 10
88 156 5
30 254 9
193 141 2
216 88 2
151 190 9
203 114 4
151 176 1
151 81 3
4 90 4
16 158 9
216 65 10
81 225 4
201 138 4
54 17 5
65 238 8
217 216 10
216 216 5
216 116 1
19 174 8
98 46 5
196 216 5
79 238 6
81 216 6
90 32 2
50 118 9
7 88 5
233 17 9
192 203 6
187 113 4
128 216 4
193 216 8
17 156 2
206 138 8
254 24 3
80 216 6
217 141 5
136 213 5
37 196 1
214 217 10
151 190 9
43 54 2
41 245 7
17 156 7
237 159 10
10 232 10
114 161 6
220 127 7
216 247 8
238 54 9
19 156 10
127 216 6
251 90 3
103 254 2
98 54 4
98 136 10
254 132 9
232 229 3
40 174 5
151 216 2
201 98 3
88 98 10
238 4 10
17 136 8
150 216 7
4 132 9
217 118 9
54 151 9
199 29 6
118 213 6
88 65 4
220 205 10
151 190 9
17 184 5
110 174 10
17 179 10
114 143 9
25 39 3
220 3 2
216 138 4
254 112 8
190 213 9
216 179 4
238 242 2
204 54 10
127 179 7
16 64 3
121 38 5
201 163 2
81 90 1
238 156 3
160 54 2
156 127 2
245 54 1
191 190 1
26 156 6
105 209 7
232 220 1
238 133 10
214 254 5
132 118 8
121 132 9
12 221 8
190 213 8
254 184 7
81 179 2
217 201 1
216 114 6
88 19 5
201 98 2
232 251 3
174 98 9
165 233 6
132 216 3
54 179 4
190 101 2
184 217 5
201 216 1
26 151 4
78 239 7
151 201 9
190 209 10
90 213 5
213 238 2
233 108 7
251 216 4
213 254 3
105 39 6
216 4 6
157 216 3
216 151 3
221 192 4
82 182 3
199 254 1
40 138 6
156 115 6
138 232 7
179 118 4
254 151 2
216 216 6
238 14 2
216 97 5
201 102 8
238 168 8
17 39 6
152 163 1
151 202 9
190 196 1
16 59 5
156 126 10
98 11 5
94 190 10
88 247 9
216 54 8
232 216 4
213 31 3
161 88 4
98 221 5
201 216 9
88 90 2
13 17 3
12 230 3
115 205 8
151 90 1
98 138 4
250 98 3
184 238 3
80 54 10
174 193 6
179 43 1
13 190 8
216 144 2
94 216 10
216 31 8
201 114 5
184 17 6
196 242 3
144 88 4
156 54 8
187 82 2
4 216 2
114 82 3
245 216 2
138 233 4
82 98 3
245 216 8
132 174 9
127 114 10
151 217 10
98 216 2
82 113 2
250 222 9
209 140 7
98 203 7
228 233 9
161 70 1
99 216 8
216 203 4
233 54 7
151 31 7
254 151 3
216 247 9
98 151 10
216 12 2
32 151 6
151 88 4
195 196 6
68 17 6
168 151 1
71 151 7
90 216 1
82 193 3
174 97 7
16 130 5
25 121 8
254 216 4
141 88 8
4 209 3
187 127 7
216 40 3
88 54 10
254 254 8
203 40 3
168 24 6
113 209 6
39 232 6
141 114 7
12 165 7
216 216 10
108 238 4
193 57 5
11 245 10
168 132 2
205 254 4
216 161 2
32 90 3
40 234 1
82 255 8
189 187 10
88 115 5
98 216 7
17 156 9
59 108 5
156 217 8
205 216 8
151 46 4
216 221 4
178 118 6
88 216 2
245 97 5
165 17 3
88 26 7
21 105 5
82 88 7
61 219 7
98 17 8
32 88 7
193 114 1
156 190 6
216 90 1
238 245 9
219 222 3
210 216 1
145 114 7
98 17 5
108 190 4
220 216 9
156 216 9
54 254 5
43 238 7
190 254 8
125 101 1
238 203 6
184 151 1
190 145 10
190 115 7
17 116 1
247 156 4
32 216 7
133 38 6
151 217 9
201 254 6
216 213 6
179 151 4
193 233 10
113 216 5
237 216 3
216 15 7
88 17 5
193 108 2
216 176 3
216 221 1
216 216 3
216 225 10
237 90 2
151 122 7
216 222 4
254 254 5
32 196 2
17 138 8
88 162 8
238 201 5
151 179 3
119 156 8
115 54 2
90 254 2
213 158 2
247 203 3
101 176 5
203 88 10
151 195 6
239 216 6
205 88 2
12 203 3
59 98 2
216 254 2
216 202 8
239 232 4
147 233 4
24 216 3
220 118 10
4 54 4
67 17 7
221 190 9
216 82 8
216 251 10
216 213 2
216 203 4
201 98 7
193 102 2
31 216 5
216 124 9
213 216 4
151 190 3
156 168 6
17 163 4
156 201 8
98 98 6
238 90 8
254 238 2
232 217 7
17 168 1
221 190 6
216 193 4
43 151 8
156 190 10
17 233 5
173 216 7
138 162 9
78 151 10
245 98 5
187 232 3
138 20 8
201 200 5
190 113 10
168 138 6
245 168 6
141 151 10
12 190 2
234 98 4
132 50 3
254 232 10
174 216 10
19 221 2
98 175 5
14 190 8
98 203 5
151 37 2
209 165 2
216 94 1
88 108 2
190 179 1
209 193 2
245 203 9
221 71 3
54 118 7
216 151 5
17 216 9
216 203 1
238 232 7
132 216 8
190 141 8
178 156 3
209 145 8
88 184 9
193 58 10
216 118 7
216 88 7
252 238 7
251 175 10
152 17 4
232 17 7
217 54 4
38 216 4
94 198 10
221 237 3
207 118 7
251 88 6
151 189 1
216 151 5
179 32 5
156 216 7
216 176 8
25 90 2
119 168 10
88 216 7
254 156 2
98 138 7
54 11 4
156 54 8
98 126 9
219 209 2
213 168 5
216 221 1
229 196 3
138 26 6
128 216 8
203 216 5
166 216 10
88 32 3
238 54 6
4 151 7
11 4 8
156 151 9
98 209 4
50 168 5
54 10 5
190 4 7
17 54 5
132 216 4
203 17 5
216 151 10
179 190 5
187 138 8
216 114 9
43 17 4
251 168 10
216 223 10
81 162 10
187 54 2
216 162 8
185 146 8
98 17 9
32 98 1
156 118 8
113 10 2
203 88 3
156 190 8
174 54 8
254 54 4
238 98 8
216 217 9
46 91 3
11 151 8
216 145 7
191 216 4
203 88 4
201 17 5
184 189 8
162 193 2
239 216 9
254 138 6
19 168 10
132 12 4
81 97 6
28 127 10
203 54 2
67 90 1
190 216 9
168 216 10
81 179 10
20 156 4
19 245 9
54 156 2
213 151 2
88 216 5
216 114 9
88 98 3
98 216 5
188 217 4
38 189 7
216 213 7
254 190 5
54 187 4
173 216 5
28 127 4
252 220 1
221 211 1
151 54 5
254 113 5
20 251 2
185 98 10
54 216 5
251 151 1
205 155 6
190 88 6
213 130 5
168 98 8
17 90 10
190 141 7
221 205 4
59 136 5
254 201 3
232 196 7
23 221 5
32 216 3
216 165 7
46 151 10
221 12 5
216 205 6
7 213 1
187 3 9
54 98 3
98 232 8
132 54 5
254 54 5
216 251 6
216 138 5
138 212 5
216 245 7
152 132 4
12 233 10
25 254 6
113 175 6
151 13 10
216 163 1
133 216 5
42 4 2
190 108 8
156 143 7
216 162 2
88 40 9
216 158 3
82 217 2
175 138 5
216 239 5
74 113 7
158 209 6
54 240 1
46 64 4
132 14 2
252 141 6
132 189 9
54 245 3
88 17 1
54 88 10
61 190 2
251 216 5
184 17 7
253 54 6
40 156 5
96 156 3
158 156 2
245 233 6
254 59 1
209 98 1
151 237 3
201 155 7
17 163 9
88 90 1
216 151 9
88 229 1
156 24 4
38 127 6
213 254 10
254 97 1
200 190 2
16 161 3
251 216 2
233 222 6
254 245 3
81 78 10
205 31 8
187 203 2
107 228 5
209 245 8
216 213 8
25 233 10
98 83 3
217 20 1
168 217 3
252 114 8
216 151 8
191 14 7
184 39 1
207 108 10
17 54 5
138 216 6
251 216 7
32 216 2
114 203 3
193 195 5
178 133 3
101 152 1
190 132 4
251 190 5
190 216 6
28 106 8
156 88 7
217 97 1
190 118 7
39 24 5
54 228 7
168 229 1
88 90 2
81 216 6
64 151 6
54 28 7
78 82 2
108 233 4
216 190 10
32 151 2
55 88 2
46 216 9
32 216 7
19 98 1
201 216 5
168 127 3
176 217 1
156 179 6
216 17 5
81 105 1
90 179 3
165 216 10
216 233 3
199 217 9
156 151 2
219 156 8
216 213 2
88 57 1
213 88 2
187 216 5
168 242 6
254 53 6
90 156 6
147 39 6
12 71 5
190 94 1
216 156 7
232 209 2
4 108 8
238 90 3
37 17 4
181 195 5
156 175 7
216 168 8
43 190 3
88 132 9
159 151 3
113 133 8
82 19 1
119 12 1
31 254 7
216 32 3
254 17 6
193 98 4
216 98 7
190 151 4
211 97 5
54 221 8
54 213 8
46 151 5
222 217 3
209 175 1
88 138 4
201 17 7
187 98 2
118 81 2
88 206 3
208 189 10
203 233 8
132 98 4
54 138 2
190 151 6
39 162 2
176 187 9
190 163 6
209 254 7
233 46 10
24 97 9
90 156 4
254 195 9
238 98 3
156 221 7
94 71 7
98 201 8
118 216 7
216 127 10
94 216 6
156 239 8
216 216 5
88 232 1
132 245 9
156 17 6
213 21 7
216 216 8
216 90 10
166 7 8
151 179 1
233 216 2
67 152 4
209 30 3
238 221 5
216 127 6
114 250 8
151 102 3
16 54 4
232 43 4
90 43 7
151 46 2
151 232 5
151 216 3
57 216 6
216 102 5
254 156 6
216 151 1
151 40 2
132 26 5
151 19 10
132 216 1
190 151 6
103 156 9
156 14 9
229 115 6
216 232 6
17 138 4
118 216 8
216 216 6
54 131 5
221 88 8
216 138 9
237 216 2
216 128 9
101 105 2
88 187 1
88 54 4
216 127 1
176 209 10
245 156 9
5 81 1
245 138 9
156 114 4
232 101 10
90 234 10
17 17 3
254 17 6
190 12 1
156 118 4
216 216 5
156 90 6
206 54 8
115 254 7
199 217 6
221 27 1
216 151 10
17 203 9
216 163 4
254 216 1
220 98 2
216 43 5
190 132 2
216 251 7
17 168 7
81 114 3
7 190 10
37 17 2
176 156 1
32 216 5
254 4 3
243 54 2
211 193 9
69 82 10
19 114 7
233 150 6
213 11 1
156 151 2
238 245 2
12 113 7
12 234 7
4 14 2
13 196 10
216 202 9
179 143 1
254 201 6
245 98 9
32 233 2
254 217 6
216 88 8
88 216 5
216 32 2
193 179 3
82 110 10
113 85 4
230 136 10
175 190 6
138 145 9
254 12 4
97 168 6
216 71 1
54 25 6
145 199 2
88 168 6
81 85 9
4 81 8
98 156 1
168 252 8
203 216 10
46 151 1
221 54 4
98 90 5
98 190 4
41 190 8
151 216 3
98 98 5
168 24 3
216 38 5
237 216 9
11 217 2
151 82 7
201 217 7
152 232 8
118 156 3
88 78 3
98 151 1
251 151 5
156 156 10
163 184 1
168 193 3
14 90 1
124 156 7
55 209 8
238 234 3
156 12 5
20 17 8
39 176 10
113 152 3
150 108 1
142 24 3
17 193 5
168 254 4
20 11 4
19 216 10
20 156 4
216 190 7
26 220 10
187 17 4
126 182 2
232 90 5
142 99 1
90 88 7
30 184 10
232 216 6
230 216 3
115 78 4
12 17 3
90 17 7
213 12 9
74 98 6
245 17 4
98 127 10
88 138 3
17 201 3
82 216 3
179 132 5
201 232 5
216 17 2
254 145 6
168 216 5
7 142 2
216 234 10
217 54 8
24 238 2
216 156 1
127 88 8
234 81 3
13 251 2
203 118 1
12 88 5
190 127 5
132 145 4
156 165 8
98 151 3
190 209 5
254 17 5
219 31 6
98 216 2
254 232 4
115 81 10
81 245 7
90 168 2
217 5 5
254 151 2
204 216 7
192 254 8
81 118 5
209 54 8
217 254 9
133 114 9
54 216 1
162 254 10
132 169 2
199 127 10
54 216 5
46 98 8
82 138 6
41 187 9
54 156 1
6 17 1
54 190 4
151 102 5
114 254 6
54 203 7
213 187 8
219 190 8
83 88 7
162 166 6
90 151 1
190 98 9
151 168 7
254 54 8
17 54 6
118 32 5
105 17 8
114 113 1
54 78 10
209 69 5
190 190 8
113 20 7
98 42 9
141 216 8
127 54 7
17 216 3
12 200 8
82 138 7
216 88 10
204 156 9
191 190 6
151 216 2
119 155 9
0 206 7
164 190 1
216 138 7
233 32 1
163 216 6
82 209 9
254 184 5
254 127 10
156 216 3
216 156 3
54 132 8
162 27 10
114 43 9
221 17 9
17 98 9
205 255 10
28 50 7
216 237 4
54 156 3
147 190 6
216 102 4
133 17 6
114 216 4
118 187 8
209 156 10
88 108 7
234 124 9
154 98 3
156 156 10
216 180 9
216 82 5
202 217 6
217 54 7
54 98 8
156 216 9
216 32 4
156 24 9
141 168 8
219 177 1
189 190 7
82 254 2
179 193 10
17 216 10
251 201 7
113 4 9
97 156 2
189 138 8
216 20 7
216 97 2
43 132 10
220 113 3
193 16 2
138 88 9
196 98 3
216 239 9
218 190 10
216 26 8
156 17 3
132 156 2
113 228 5
190 251 6
254 132 3
43 229 6
187 216 7
254 253 4
216 98 5
245 243 5
114 254 4
254 209 8
12 114 1
151 237 6
109 190 7
191 216 2
190 205 8
216 59 4
54 245 4
4 121 6
190 163 4
90 192 2
39 40 6
145 250 9
127 216 10
82 54 7
98 17 8
88 222 9
16 100 2
113 216 1
245 114 1
20 133 9
80 127 3
82 216 1
4 134 3
151 195 5
118 216 3
46 7 3
98 213 9
217 216 5
216 254 6
187 179 5
151 176 6
151 216 1
213 156 10
238 131 10
190 156 3
216 98 4
216 184 9
216 254 10
233 209 3
201 229 8
254 216 1
12 17 1
216 98 5
59 254 7
216 254 3
119 174 4
230 17 9
7 190 9
17 32 1
81 81 10
250 232 2
132 216 9
82 184 7
168 216 8
209 225 9
114 25 1
31 229 7
245 54 1
234 217 2
88 97 6
239 17 1
251 196 8
94 105 5
32 38 6
132 4 5
198 216 4
88 101 7
216 98 4
196 4 7
118 122 9
162 220 4
82 205 5
54 245 3
98 40 10
193 115 4
223 37 3
179 88 10
216 216 4
216 81 3
179 203 8
237 90 2
190 216 2
202 98 8
4 156 9
184 187 8
88 98 3
216 190 4
54 7 7
26 213 9
254 217 10
17 114 5
239 250 7
156 189 2
4 88 2
203 16 10
232 151 3
118 12 7
17 25 5
190 105 2
233 247 3
4 203 2
17 152 2
97 190 8
189 198 8
249 88 6
41 25 10
4 17 3
151 226 9
216 163 10
190 138 6
175 113 6
166 254 8
201 90 8
156 88 1
189 201 9
124 82 5
17 116 1
151 211 10
179 222 10
233 156 9
97 201 6
216 108 6
114 213 8
49 156 2
216 216 4
178 176 6
17 250 6
175 54 7
216 17 6
216 216 5
150 17 4
165 251 5
216 216 10
158 213 10
204 118 5
199 245 4
50 7 1
151 250 6
108 221 2
221 221 5
88 222 10
216 39 5
204 216 4
216 220 5
233 187 4
205 168 6
156 105 3
179 216 1
132 16 6
90 54 6
43 221 1
90 151 2
168 17 5
50 213 5
251 238 7
238 88 10
28 98 9
156 156 4
193 190 7
216 94 8
209 128 4
138 12 5
152 190 10
216 190 7
90 54 4
17 232 3
88 221 5
156 203 1
222 223 5
233 113 1
105 251 5
113 81 5
138 151 10
193 27 7
124 203 9
17 234 4
23 32 7
127 209 9
206 151 2
138 98 10
151 214 4
165 109 2
190 127 5
217 216 9
111 151 3
232 94 6
158 98 6
156 59 3
190 118 5
168 216 3
152 156 10
17 201 7
90 113 5
239 198 7
151 216 3
113 203 10
176 169 1
221 221 5
26 136 2
90 65 9
151 114 10
234 16 10
98 249 6
88 203 1
206 216 6
238 217 6
142 216 1
98 156 3
12 81 9
190 190 7
216 196 3
203 216 6
127 138 9
216 153 3
12 124 5
190 98 4
88 151 6
32 151 6
156 168 1
254 90 8
54 13 4
98 135 5
157 156 10
133 203 6
96 190 6
165 86 3
245 25 5
216 228 1
127 193 10
88 74 1
113 216 1
54 216 1
19 12 10
163 113 4
245 237 6
82 118 5
39 156 9
179 156 10
98 90 1
90 50 8
81 251 5
168 151 8
79 98 5
138 17 5
17 195 7
164 216 9
254 233 2
81 190 3
239 216 6
21 98 1
216 74 1
216 80 4
189 151 10
32 203 1
190 178 3
78 193 2
24 39 2
221 190 4
114 217 7
219 17 6
12 71 2
52 41 5
216 158 4
147 216 6
216 32 1
27 86 9
90 113 4
254 203 3
17 175 8
151 156 2
216 88 1
17 251 10
254 233 2
68 184 1
98 138 1
113 151 10
179 98 1
216 157 8
156 184 1
230 190 2
82 199 6
113 45 9
54 95 7
203 113 1
17 190 10
88 127 9
106 39 1
88 252 9
98 132 2
132 216 2
216 184 5
174 221 7
108 138 6
81 238 1
253 95 9
168 132 3
102 190 6
232 78 5
200 15 3
216 82 7
254 162 7
184 158 4
216 4 6
213 150 5
88 138 4
98 179 3
12 101 6
12 245 8
140 2 9
127 113 9
136 54 3
57 190 7
216 4 6
113 216 6
245 190 10
216 190 2
17 187 8
179 133 7
151 216 5
190 190 9
190 179 2
238 156 1
163 203 1
81 217 7
7 126 3
179 251 10
187 150 5
216 216 3
245 232 7
127 88 8
54 118 9
102 203 1
114 216 9
193 108 7
238 132 1
138 192 6
98 232 9
190 133 2
131 216 4
238 168 10
221 176 7
216 151 2
81 136 5
179 94 8
254 54 6
238 2 10
98 190 9
232 213 8
141 20 6
78 98 3
54 98 3
95 254 10
119 3 2
88 151 5
233 54 9
82 50 5
59 98 7
179 216 9
113 115 9
168 216 10
156 52 2
25 190 4
140 143 7
159 98 9
187 233 10
12 232 9
254 158 1
17 32 6
193 190 7
17 52 6
156 219 7
98 216 3
151 201 3
156 203 7
54 105 2
40 190 2
216 12 2
254 4 5
232 17 10
32 94 4
216 216 5
220 216 5
254 151 7
26 178 9
4 54 3
232 14 8
17 183 9
247 254 2
190 119 8
216 54 9
213 190 8
188 217 2
88 238 5
88 203 5
98 203 6
203 156 10
88 95 4
136 201 1
216 174 7
184 15 1
127 216 9
128 158 9
78 124 4
216 101 5
184 156 4
127 105 1
237 222 1
54 127 1
78 81 2
216 168 7
51 27 5
54 151 1
98 138 1
233 151 9
190 216 4
114 225 3
193 193 1
156 207 1
175 119 4
195 199 7
216 216 5
17 216 1
156 88 7
88 213 8
88 201 1
238 24 8
90 254 3
216 71 5
204 118 9
81 40 8
126 114 6
203 217 9
132 187 7
216 232 8
31 216 5
17 151 7
238 216 2
216 151 8
179 156 2
187 156 1
54 138 4
2 216 6
216 203 4
216 252 8
201 145 1
138 245 3
130 68 6
203 164 9
151 216 5
95 254 8
216 179 7
133 168 2
132 254 7
132 216 9
88 216 6
54 184 10
203 138 3
233 59 6
210 132 9
30 228 6
216 216 10
216 216 6
151 190 1
98 216 10
151 216 7
32 184 3
14 216 2
187 98 9
17 250 7
82 88 3
206 132 2
54 88 3
254 118 8
213 190 4
101 12 10
136 108 3
98 239 1
222 145 1
159 151 10
191 82 4
232 213 7
254 201 10
233 201 9
216 41 1
91 187 9
179 19 6
238 209 5
245 132 1
113 59 6
12 151 4
54 50 9
209 132 3
216 238 7
190 254 10
90 96 4
201 233 7
216 1 5
160 54 1
132 102 10
251 213 1
105 17 4
168 253 7
17 118 10
42 88 1
230 114 7
54 178 1
254 113 8
216 216 4
97 175 6
88 81 10
168 82 6
151 216 5
163 184 6
138 199 10
118 220 3
17 17 2
221 113 6
179 254 6
216 142 3
118 217 4
98 193 7
168 213 7
138 254 4
78 54 6
17 254 10
88 151 3
251 151 2
216 126 9
184 201 2
250 114 2
216 184 5
2 43 1
250 98 10
151 113 9
39 156 10
190 176 8
93 156 9
17 40 6
213 187 6
2 201 5
157 17 9
103 156 3
216 81 3
88 203 9
254 158 6
254 138 9
132 213 6
98 17 9
238 214 6
128 130 3
17 190 8
190 176 8
26 82 4
163 205 6
128 254 1
156 126 2
216 216 9
216 80 3
203 237 4
216 31 4
216 209 10
27 32 3
216 190 4
26 151 5
216 245 6
195 217 4
216 179 5
158 184 9
90 201 5
200 216 2
17 118 10
233 31 7
178 151 8
216 82 4
216 162 9
245 251 10
114 239 7
17 233 7
145 156 4
17 193 5
216 213 8
101 90 1
216 17 1
225 101 5
187 184 8
216 98 9
151 205 9
141 17 8
254 223 4
95 98 5
17 207 4
97 223 3
216 193 10
156 216 7
98 213 6
115 190 6
216 221 1
113 239 7
246 11 10
92 88 3
203 158 2
43 88 10
193 99 2
206 156 5
151 118 6
14 175 4
251 12 9
118 88 10
216 4 7
190 216 1
254 88 1
88 206 10
216 216 6
216 216 4
189 216 10
102 127 4
54 88 2
78 189 8
238 237 2
132 64 6
54 203 4
118 54 3
95 98 5
216 213 6
114 205 6
216 151 3
119 124 7
200 102 10
113 115 8
254 245 7
98 162 9
68 151 9
216 209 6
250 62 1
54 245 7
54 217 3
57 245 10
151 12 6
17 205 8
201 254 3
151 222 5
168 158 10
113 32 6
4 150 5
57 31 1
193 54 2
90 254 10
163 97 9
4 187 3
156 201 2
145 165 6
88 216 5
254 190 4
162 119 6
94 190 9
216 5 7
124 209 7
88 98 8
138 32 4
199 151 1
238 216 10
4 200 7
216 151 7
170 238 1
209 32 1
219 156 3
209 168 2
254 138 7
118 216 6
233 126 8
187 216 8
254 113 8
216 216 1
201 108 6
190 254 3
212 88 1
151 98 4
201 156 6
17 222 7
254 221 9
54 138 7
254 216 1
190 178 7
88 217 4
178 54 1
132 241 7
216 105 2
221 216 5
250 165 2
105 90 9
216 31 10
98 151 5
132 203 3
216 179 8
213 216 2
216 241 6
216 4 7
136 216 9
196 156 9
193 187 9
129 205 1
232 209 7
12 102 10
102 54 5
114 187 6
132 233 3
201 254 5
32 113 2
11 156 9
189 118 4
13 17 9
165 98 4
113 138 6
190 17 1
17 54 6
88 216 5
4 201 4
187 178 5
254 156 10
156 254 9
4 216 4
187 118 9
52 88 2
156 251 3
156 158 8
232 151 4
232 142 9
216 115 2
59 156 4
50 78 8
10 39 8
217 216 9
254 168 6
237 254 7
88 216 4
88 136 9
90 209 8
190 147 4
17 12 1
81 156 6
156 190 8
216 232 1
130 44 3
74 254 4
156 179 4
216 54 6
217 222 1
216 216 1
98 190 9
254 46 2
16 216 1
113 238 3
168 12 7
32 54 10
12 32 1
54 127 1
254 216 3
190 98 4
196 190 2
221 88 4
254 98 3
19 206 9
193 54 4
216 224 2
25 152 2
71 201 3
156 179 1
216 46 4
179 124 1
216 98 10
223 54 10
90 54 10
254 143 2
217 90 4
97 4 8
17 156 1
82 201 3
151 216 7
239 202 5
90 105 8
190 57 1
237 113 7
88 156 9
220 119 3
219 216 6
168 90 5
216 16 1
196 216 3
216 201 6
206 221 7
151 17 8
12 88 5
151 141 5
232 132 6
216 190 5
151 126 6
213 201 4
151 213 1
190 159 2
17 16 9
216 138 10
216 217 2
245 201 5
216 251 1
155 148 1
151 179 4
81 30 9
81 245 9
143 176 4
254 217 7
190 213 6
124 238 6
156 144 7
217 216 9
174 113 4
102 17 2
81 212 7
98 90 5
190 216 5
216 127 2
254 140 7
216 94 1
203 190 7
190 136 9
17 156 8
88 27 10
156 17 6
158 98 8
254 140 9
4 138 1
138 213 6
232 17 6
216 105 9
185 93 9
151 216 5
12 54 4
213 39 9
187 11 3
216 54 7
245 216 4
190 98 1
4 196 6
76 141 8
54 4 2
245 113 3
254 225 2
216 190 6
179 178 5
114 17 3
216 88 1
97 213 6
216 88 10
210 12 4
132 252 5
192 216 10
17 94 2
162 219 9
98 205 3
254 67 10
81 98 4
169 7 6
213 151 3
193 254 3
196 114 5
216 89 6
17 216 5
184 98 6
81 78 1
217 156 4
193 83 7
245 98 8
113 203 9
54 118 8
3 189 7
91 98 9
52 98 10
232 114 8
224 88 4
237 156 2
98 32 4
209 54 8
98 12 5
31 221 1
237 40 3
95 216 3
88 238 8
254 216 10
17 98 8
88 168 6
94 67 2
165 216 1
193 54 1
78 50 5
156 141 9
253 254 6
17 4 7
113 132 3
90 81 10
216 217 7
98 151 10
187 193 10
216 232 4
81 216 1
251 151 5
254 80 9
81 13 10
26 254 3
221 216 6
160 254 8
138 32 6
46 17 5
98 17 5
233 88 7
17 12 4
88 19 4
217 19 8
11 98 5
25 4 7
168 59 6
24 216 10
137 216 9
179 90 7
54 149 7
216 81 9
7 221 2
39 88 4
156 220 9
112 254 10
90 216 5
138 54 7
7 12 9
138 17 9
190 190 3
88 88 9
245 247 8
50 217 2
138 216 10
174 46 4
160 216 7
171 12 3
254 67 8
216 151 4
229 54 3
184 203 8
216 50 5
127 32 8
88 238 8
216 156 8
119 232 8
80 88 10
206 233 9
245 114 4
32 184 2
209 133 9
205 98 5
107 216 5
17 216 4
190 17 4
184 196 5
117 151 4
216 216 7
162 190 1
201 118 4
205 41 6
216 238 8
254 156 8
216 213 3
217 168 3
54 17 10
209 59 3
138 209 10
199 156 9
178 232 10
98 254 10
151 43 5
88 151 3
108 184 10
127 213 5
216 19 7
102 156 9
81 147 3
229 168 2
32 114 8
216 213 8
217 113 6
101 213 7
194 156 10
26 114 6
118 54 1
232 79 4
27 216 6
216 4 10
254 40 7
187 190 8
203 14 3
98 54 6
12 97 9
54 195 1
168 81 5
205 190 10
165 98 10
221 24 5
21 113 1
234 156 4
217 216 5
232 46 10
156 162 9
20 94 5
155 90 6
213 118 8
234 190 5
251 238 8
180 237 1
213 98 3
190 4 2
17 97 6
32 138 5
187 254 9
254 17 5
124 175 3
7 54 7
216 115 10
216 54 1
189 71 7
221 179 4
216 12 7
209 32 2
114 151 3
141 158 3
98 190 3
151 249 6
136 17 7
216 245 2
168 162 8
17 216 2
17 82 5
151 124 1
156 238 7
82 213 5
27 190 6
4 198 1
203 254 10
187 254 3
225 254 1
216 201 8
113 233 8
221 98 1
88 193 7
216 152 7
216 184 2
216 17 5
254 199 9
198 141 10
151 17 8
184 94 10
201 127 10
168 216 8
201 98 7
229 168 1
216 216 1
216 88 1
40 151 5
187 216 6
254 90 5
88 222 6
193 247 7
151 196 4
232 168 1
196 26 8
124 216 9
115 233 6
193 221 1
138 245 2
140 216 8
156 195 5
254 190 2
216 82 1
17 184 5
138 126 9
228 98 2
78 156 5
54 118 8
184 237 2
33 216 6
203 168 1
98 250 4
98 228 5
32 50 10
138 233 9
156 216 5
221 180 6
88 216 4
184 210 3
175 114 4
199 138 4
155 118 6
195 239 9
132 233 1
156 13 6
138 17 2
216 251 7
54 242 5
63 216 4
233 217 3
201 220 8
156 232 4
190 187 10
57 179 5
187 105 3
163 121 9
251 216 5
25 165 4
113 193 4
156 216 5
79 151 5
12 190 9
216 238 9
245 209 1
17 151 4
37 119 3
232 233 1
233 156 1
26 98 4
190 158 9
151 90 7
7 216 1
168 88 3
190 17 10
14 216 2
216 151 8
54 17 8
136 216 10
59 138 8
46 251 9
4 141 9
20 82 4
190 54 4
184 82 7
82 151 4
189 165 8
216 12 1
190 54 6
195 26 8
226 203 1
156 254 5
156 198 4
216 216 5
134 98 2
168 190 8
220 206 9
151 187 2
40 98 7
193 124 8
151 7 6
184 31 7
98 156 3
151 17 4
156 57 10
216 209 1
216 151 1
209 251 3
156 17 1
98 217 3
16 168 7
168 254 3
169 216 2
13 88 3
168 7 2
25 32 8
216 190 8
209 12 3
190 232 10
108 174 7
216 216 4
156 216 10
233 176 5
4 179 8
196 98 3
245 206 5
156 251 5
145 88 3
29 216 6
162 46 4
190 43 2
156 206 6
118 238 2
216 193 2
193 152 1
216 189 4
168 88 3
60 54 9
88 127 2
217 17 7
221 102 1
28 132 4
203 196 10
88 98 7
151 47 9
190 199 1
201 88 8
162 254 3
129 216 1
90 23 8
85 194 3
98 102 9
151 147 9
216 254 4
98 216 3
158 25 10
88 232 7
209 141 8
151 191 10
201 254 5
245 184 2
187 209 7
205 82 6
216 185 4
245 209 4
190 54 4
173 88 3
151 4 6
54 179 10
216 83 1
4 216 4
179 201 7
174 216 4
118 184 6
216 54 4
168 32 8
232 17 1
39 14 6
4 98 4
220 156 6
17 42 7
216 54 7
250 4 8
216 7 9
124 254 7
151 12 4
82 114 6
217 173 9
219 193 2
233 55 5
24 213 4
38 17 6
127 54 8
11 190 10
17 132 5
190 150 4
41 254 3
253 50 7
179 98 7
209 216 3
4 88 6
190 220 10
138 17 9
213 201 6
206 118 7
17 127 9
216 128 5
184 82 2
168 193 6
250 211 5
11 91 7
16 95 2
26 190 7
88 216 5
245 98 3
4 163 1
221 195 3
151 216 9
225 17 3
151 4 5
38 233 10
245 238 3
221 238 1
220 251 1
158 147 4
174 82 3
82 201 4
132 119 9
216 141 3
238 216 2
52 216 1
85 151 5
238 163 9
217 12 7
113 54 7
168 190 9
131 17 6
163 16 8
156 217 2
98 88 6
245 151 4
187 58 7
156 190 5
190 46 4
98 35 9
216 156 3
216 222 2
219 209 4
157 156 10
114 190 4
32 219 2
199 151 5
194 216 2
216 12 6
217 190 7
88 216 9
54 239 8
54 151 8
159 114 1
156 251 5
233 127 5
26 88 6
216 113 3
98 216 10
7 101 1
156 216 6
114 88 4
12 232 1
254 118 5
4 190 5
216 156 9
118 156 7
113 151 2
54 137 6
17 162 5
132 210 7
74 17 1
216 81 7
54 217 10
138 190 2
203 216 10
118 46 2
216 11 2
14 90 1
90 190 2
2 2 9
46 165 3
115 54 10
94 254 5
216 54 6
101 17 6
39 98 2
245 98 8
168 216 3
185 127 10
90 165 3
216 133 8
216 178 2
219 175 6
88 54 7
26 254 9
233 203 3
209 156 1
124 254 3
162 138 1
118 122 9
216 142 3
43 190 7
114 216 10
4 210 3
82 31 1
113 128 2
216 254 3
179 124 3
54 113 10
151 212 7
136 221 1
216 132 6
216 17 1
190 158 5
88 216 5
156 216 2
216 162 9
55 156 3
219 118 5
24 237 10
190 156 6
168 152 7
190 82 10
161 127 7
162 222 9
222 219 9
179 203 6
156 236 5
17 152 2
88 17 8
98 178 5
98 211 9
17 190 9
132 78 9
239 216 9
158 185 7
251 178 9
216 254 4
156 54 6
98 216 2
252 90 7
46 232 8
4 40 3
199 237 2
190 242 3
168 136 1
193 52 2
190 153 6
190 216 1
26 17 4
4 90 7
216 216 5
54 216 7
40 222 7
38 141 1
190 217 9
98 127 1
32 187 3
152 79 1
193 216 1
88 7 6
254 54 6
219 151 3
202 133 9
216 156 3
4 17 6
216 184 2
90 161 3
209 156 2
162 25 7
14 234 3
88 216 2
242 168 3
108 54 8
17 81 2
151 32 3
101 82 10
199 132 8
82 254 6
216 200 4
107 216 10
90 32 7
88 55 6
190 216 8
12 98 8
13 99 2
114 17 1
216 131 9
125 174 1
156 88 1
132 118 3
156 19 2
216 17 10
151 216 4
216 14 7
216 216 8
113 46 4
213 151 4
254 132 5
163 132 2
190 81 4
17 254 8
118 82 3
156 216 3
225 229 5
4 88 4
229 216 5
217 138 5
216 88 6
12 199 2
156 132 9
238 32 2
88 103 8
124 128 10
4 88 3
245 193 1
232 151 8
213 17 10
190 216 8
184 216 6
54 180 6
124 232 8
216 118 8
17 190 1
150 251 3
119 216 10
216 247 8
216 190 2
222 17 9
205 216 2
156 81 4
17 254 9
216 213 9
152 163 5
216 179 8
190 209 9
108 54 4
216 190 4
4 216 10
216 32 5
180 4 4
54 79 1
193 114 6
254 156 10
17 25 10
12 238 1
122 151 2
216 238 7
222 90 4
156 98 4
216 54 2
147 151 10
24 173 8
88 11 2
127 98 3
216 4 10
17 151 5
4 203 7
173 132 9
151 201 2
156 98 5
55 156 1
190 17 10
214 216 2
207 209 10
203 254 6
54 239 6
151 207 4
90 4 2
232 252 8
98 217 10
59 216 9
101 54 10
38 144 7
98 12 6
216 7 10
156 221 7
114 151 5
94 151 7
213 20 9
32 216 10
98 220 5
17 195 9
156 88 7
245 151 5
138 54 4
82 213 10
190 209 4
82 220 7
254 216 8
168 190 9
190 168 10
88 187 6
46 156 8
54 54 9
114 19 9
168 158 8
24 27 7
132 238 6
175 102 8
78 238 8
30 98 6
176 173 2
216 213 7
216 216 2
25 90 4
156 99 10
145 232 4
22 105 3
98 114 3
90 164 10
151 145 6
118 238 7
54 17 8
54 190 5
156 98 3
216 184 3
221 213 6
98 216 8
187 98 2
32 55 5
216 213 2
173 169 1
54 141 4
17 156 4
31 74 8
118 205 10
216 151 2
216 238 4
151 216 3
168 156 5
254 128 8
201 50 7
97 216 7
196 190 8
115 250 9
88 151 4
127 14 3
151 179 1
222 156 5
151 114 10
162 98 1
17 65 3
7 156 6
216 174 1
88 216 4
254 232 1
217 184 7
193 98 5
216 151 6
203 72 4
11 88 6
201 118 9
216 216 4
151 175 8
114 195 5
178 201 1
251 151 9
234 216 1
151 216 4
54 17 4
233 80 4
229 54 10
216 251 10
17 201 2
216 88 10
254 54 10
81 156 3
216 190 8
216 113 7
31 39 1
17 98 7
151 102 1
82 114 7
179 125 9
17 201 6
254 113 1
20 203 10
168 175 5
88 233 8
127 216 9
85 17 5
216 216 1
216 65 2
81 156 1
39 254 5
58 216 7
251 7 5
151 176 2
214 247 8
17 94 6
213 250 8
156 138 10
38 249 9
187 221 5
233 216 4
233 39 1
54 213 2
192 216 8
138 150 1
11 54 9
88 151 2
216 189 3
88 209 7
124 213 10
254 237 9
98 79 8
27 3 4
232 61 2
17 168 3
217 216 9
254 51 8
132 156 6
17 85 10
143 193 6
151 216 9
189 178 1
11 178 10
151 209 6
17 238 6
54 16 5
81 184 7
178 129 7
50 81 6
216 233 5
216 133 8
14 254 6
216 156 5
26 79 5
54 142 6
216 151 1
108 216 9
145 216 1
101 213 4
184 17 7
222 245 6
151 179 5
88 156 8
190 17 7
185 247 8
184 151 10
190 127 3
190 70 2
254 88 10
179 151 7
191 138 3
132 138 3
127 38 7
90 157 4
216 209 7
216 151 5
228 216 5
25 216 8
17 216 5
175 98 10
251 12 8
94 254 10
98 216 5
238 190 10
102 98 3
173 138 9
151 82 10
173 251 2
184 216 2
82 88 8
98 32 10
114 98 10
233 156 5
27 156 2
54 99 4
190 81 6
82 17 5
179 209 1
201 151 3
200 98 9
216 173 5
55 238 9
151 151 8
81 190 3
98 168 7
117 54 6
190 132 1
20 98 6
101 156 9
251 216 10
237 151 5
54 132 2
54 151 9
156 98 7
31 237 5
57 156 2
216 245 7
40 46 2
216 115 10
151 214 4
190 190 2
216 209 8
228 151 5
119 82 9
216 32 4
179 254 1
141 201 10
54 203 8
113 54 5
138 255 8
254 158 6
132 189 6
254 254 6
212 95 9
216 251 5
190 216 1
201 98 8
88 222 5
91 54 4
88 209 4
4 54 2
54 11 1
203 213 4
119 205 9
16 232 1
193 254 5
127 201 8
187 199 10
113 216 10
98 151 6
254 34 7
254 201 4
233 79 9
216 254 3
27 54 9
190 32 6
98 163 2
254 17 1
54 219 10
113 187 3
216 98 10
233 252 1
245 190 2
211 254 4
203 151 2
138 151 9
203 81 4
17 38 4
114 39 1
221 217 2
54 17 10
245 113 2
236 190 5
232 238 2
251 141 1
12 38 3
88 17 3
254 201 8
156 190 7
81 88 7
166 156 5
12 98 4
160 232 6
190 128 7
217 209 7
179 97 6
32 187 6
203 168 9
156 54 9
90 216 6
184 114 8
166 201 7
216 82 7
172 110 5
201 140 9
193 0 5
88 4 9
85 90 1
232 156 6
221 254 1
127 209 7
216 180 6
216 254 8
168 220 10
17 216 3
38 91 3
193 216 1
12 152 5
82 193 6
190 27 8
98 90 9
156 41 4
88 59 1
71 88 7
216 17 8
54 133 1
216 98 1
193 254 8
112 187 7
54 133 2
98 151 8
230 216 8
114 151 4
221 216 9
216 17 1
114 17 8
216 42 1
216 79 1
160 216 8
54 254 8
222 88 9
218 17 5
88 132 6
138 178 5
216 245 9
216 2 5
216 254 9
190 151 8
187 108 10
216 17 3
97 97 1
190 232 1
133 193 5
138 216 1
12 166 2
11 251 3
221 32 7
179 32 8
216 187 1
17 4 2
115 151 3
119 193 1
156 190 3
216 190 5
254 14 4
217 151 1
189 7 4
168 151 5
151 4 2
86 190 4
190 193 2
60 216 5
156 54 2
17 17 1
216 12 10
217 97 5
32 114 10
216 157 9
216 163 1
19 98 7
216 102 2
238 80 2
54 138 7
209 40 3
138 201 10
201 127 1
156 4 9
118 162 3
7 88 2
216 76 5
151 189 1
151 184 2
216 196 4
88 54 3
12 213 1
233 151 6
81 127 2
88 17 1
90 31 6
190 141 8
151 216 9
138 216 2
105 50 10
228 216 2
153 81 2
217 143 1
54 54 7
163 128 1
174 157 3
156 42 7
98 88 5
142 232 5
187 138 2
165 216 8
187 90 3
201 156 9
94 109 10
130 138 2
190 98 9
17 30 9
88 201 9
190 17 2
216 98 7
238 216 8
54 232 3
151 216 3
98 98 2
201 17 10
216 113 3
132 216 10
98 124 5
78 54 3
127 216 7
209 175 6
42 180 1
32 187 5
238 187 5
190 213 4
98 31 1
189 83 4
216 201 1
163 235 2
148 156 6
41 37 3
189 203 3
213 216 10
216 140 3
232 81 2
216 46 3
242 88 6
17 168 6
80 254 4
232 58 6
190 254 4
59 60 2
221 101 3
54 216 8
17 110 8
17 216 6
17 250 3
118 39 7
140 138 2
26 82 3
203 213 7
88 38 7
216 254 6
216 245 1
119 155 10
17 14 5
229 203 3
98 201 2
216 4 4
245 20 6
153 114 7
17 118 4
151 54 9
218 216 1
237 221 6
17 21 3
233 27 7
156 17 9
238 216 3
17 156 1
54 233 6
216 29 3
216 156 5
210 54 6
88 54 1
88 17 9
217 254 9
32 88 4
17 156 6
214 33 3
222 209 5
193 216 9
59 254 7
217 203 7
203 168 7
141 42 9
46 233 3
233 160 2
31 88 5
128 201 7
88 98 2
254 125 3
168 65 7
54 88 5
213 98 5
127 98 4
221 145 2
3 27 1
216 88 4
232 85 5
4 216 2
141 132 1
118 54 10
32 168 7
216 190 1
216 217 2
217 151 6
203 127 2
24 88 2
216 115 2
151 216 6
94 216 1
213 216 6
151 82 2
114 255 1
193 254 8
98 156 1
232 233 1
98 88 7
118 113 7
151 7 2
126 31 2
38 237 6
211 151 9
233 190 3
216 184 5
88 245 8
254 216 3
17 216 5
168 20 8
203 190 1
88 141 2
11 193 4
82 156 8
216 127 5
216 98 2
82 169 5
213 209 4
216 254 7
193 12 4
88 217 6
203 54 4
209 150 7
132 82 6
98 216 4
24 4 2
158 88 9
216 50 1
49 88 5
151 96 3
39 38 2
193 232 10
230 193 3
156 187 9
138 98 5
31 216 4
54 221 1
88 132 8
127 151 2
216 221 3
251 209 10
17 234 10
156 115 8
187 254 9
127 222 1
216 190 1
168 38 7
108 254 9
97 32 8
254 88 5
151 220 1
88 162 6
216 98 3
11 216 9
88 17 4
82 151 5
152 82 1
156 11 8
190 184 5
254 237 7
153 152 6
187 37 5
156 5 5
12 98 8
213 238 2
179 12 2
32 209 2
168 152 7
12 198 6
88 85 10
59 254 3
156 33 3
46 113 9
163 216 5
178 12 4
216 119 8
156 169 7
165 216 2
118 156 7
216 17 7
242 156 2
113 141 2
113 221 10
42 27 10
168 98 8
24 90 1
138 156 4
216 156 7
88 54 7
54 232 10
97 211 8
190 17 7
216 228 2
11 82 2
17 32 4
17 82 2
221 39 6
28 54 2
232 190 9
237 156 9
98 114 6
17 138 2
222 216 6
221 90 7
81 124 9
232 219 3
88 156 7
97 221 7
138 63 5
216 7 2
88 97 9
12 17 3
156 217 1
221 201 4
113 222 1
151 216 10
232 216 6
203 254 7
193 156 3
232 216 5
216 216 1
254 127 7
190 98 7
216 114 9
98 17 4
129 82 3
113 216 1
176 138 8
189 193 4
128 216 2
114 190 3
216 53 1
184 165 9
132 216 5
14 19 5
216 31 9
217 110 9
5 216 4
233 216 5
142 158 10
234 105 3
254 82 3
156 251 10
98 98 6
203 14 7
245 17 9
32 222 2
120 39 2
138 217 4
25 127 1
35 118 2
98 42 2
216 168 3
88 24 7
168 132 3
193 17 10
201 59 5
118 216 3
245 54 3
88 114 2
108 88 7
216 121 6
98 166 8
88 68 6
158 190 6
54 254 8
254 216 7
232 190 10
88 162 9
193 232 8
54 132 5
232 138 6
161 67 3
102 151 2
38 180 8
145 132 5
216 98 5
141 98 10
54 88 10
250 54 5
199 216 10
168 105 6
156 21 2
190 151 4
185 151 4
54 190 6
98 233 9
168 20 5
232 156 9
54 54 2
46 17 2
156 226 2
209 179 2
251 95 5
216 237 2
216 232 5
118 203 3
187 17 6
245 207 8
17 254 6
187 216 3
4 190 2
17 50 8
216 141 6
12 216 3
179 221 6
238 254 6
168 81 10
162 37 5
54 17 2
118 193 4
88 20 5
98 12 8
114 88 6
152 39 4
14 156 4
217 254 3
221 54 3
193 151 2
175 54 3
145 245 8
40 184 6
229 216 10
85 178 2
98 238 10
176 253 4
190 145 2
88 179 7
254 156 8
223 254 9
156 190 6
221 216 8
238 216 6
38 254 5
118 238 6
174 163 7
54 54 5
91 201 5
175 12 1
54 74 9
98 102 3
184 88 2
216 179 8
201 221 4
20 239 4
238 216 10
98 216 3
179 98 10
98 195 7
31 201 9
141 17 10
138 156 9
17 4 5
221 216 2
232 151 4
127 189 10
140 216 8
156 5 10
196 54 4
17 221 9
88 216 5
17 12 9
97 17 3
90 138 4
201 229 4
239 221 6
254 247 2
54 251 4
132 216 6
101 88 8
242 156 3
98 118 9
203 114 10
46 17 8
179 151 4
238 113 8
232 118 7
237 190 10
216 244 6
233 114 1
151 17 7
32 12 3
90 216 6
156 151 1
82 132 2
17 113 9
187 120 1
113 190 6
213 233 6
15 90 10
217 190 4
95 216 7
81 207 10
193 98 10
216 216 3
19 190 9
156 74 9
54 54 2
132 156 4
38 54 10
114 152 4
14 12 8
223 132 8
12 156 6
190 31 10
20 17 8
31 251 10
238 14 7
54 118 1
156 145 10
156 102 2
82 115 6
254 65 2
138 209 4
216 39 5
243 216 2
205 168 9
101 54 7
233 156 2
216 196 5
64 187 3
216 245 10
4 54 7
98 17 2
14 205 9
184 254 2
151 180 7
151 156 5
193 127 2
221 233 7
190 233 7
124 88 1
64 119 3
12 206 8
184 216 2
88 17 3
119 82 2
90 108 5
17 12 8
113 234 1
82 108 4
54 156 4
216 151 6
223 90 1
88 247 4
209 216 2
184 32 6
201 98 10
254 46 8
17 54 8
43 54 10
234 232 7
245 98 10
213 204 8
75 254 2
216 216 4
90 178 1
118 17 7
88 14 5
4 239 7
238 54 9
213 54 2
216 193 2
142 216 5
228 251 9
206 190 10
187 187 5
17 118 8
162 145 1
17 76 7
17 74 7
55 88 5
216 88 3
247 54 9
27 216 5
46 46 4
98 216 3
31 12 10
254 184 7
4 82 10
82 20 10
98 156 1
216 160 3
17 216 9
216 190 1
54 216 4
151 238 7
98 230 3
190 210 5
127 4 6
221 108 5
138 216 4
39 216 3
216 82 2
239 140 10
216 98 8
88 232 5
254 156 4
176 88 10
156 216 4
156 113 4
216 156 10
26 190 9
168 188 1
25 216 5
108 216 7
168 81 6
216 254 8
156 251 1
156 168 4
129 98 8
90 114 2
151 88 5
254 184 7
59 245 2
193 141 9
156 213 8
7 114 5
174 132 10
203 193 10
187 216 2
254 156 1
17 217 10
98 13 1
190 201 4
151 216 1
238 138 5
98 175 5
54 221 3
60 151 9
54 216 5
17 216 7
14 82 1
221 38 7
245 31 10
245 151 6
213 190 4
54 216 9
242 129 8
216 95 9
52 101 9
98 216 4
190 168 1
27 4 6
54 216 6
151 152 5
108 193 3
133 216 7
179 54 1
14 11 6
50 156 10
165 216 3
216 217 3
168 168 3
162 216 6
142 54 10
242 104 6
127 238 1
238 178 8
32 88 6
216 12 1
245 12 3
98 40 8
216 178 10
114 127 1
88 216 4
82 90 10
201 147 9
88 232 7
12 189 7
46 232 7
216 82 4
200 12 1
173 17 7
81 179 9
98 233 7
145 221 6
221 187 7
209 232 4
250 216 7
39 155 3
251 17 2
220 203 7
159 254 3
39 98 10
78 136 5
233 216 4
216 132 1
232 151 1
222 17 4
84 196 10
191 11 1
200 32 4
138 88 5
235 238 6
17 219 3
216 17 5
187 193 10
81 118 4
74 174 10
76 132 4
156 113 2
118 147 6
130 205 7
187 88 9
151 201 8
216 54 6
216 168 10
160 220 4
7 40 6
230 54 4
37 250 2
81 153 3
67 156 1
216 216 7
12 132 3
156 168 1
151 202 1
46 54 6
13 254 10
190 88 8
151 88 10
138 238 10
130 216 5
17 193 5
216 208 8
221 54 4
82 190 9
190 113 2
98 156 10
88 203 7
179 203 4
17 219 6
229 54 1
245 12 3
190 131 9
126 127 1
184 132 5
32 190 3
50 151 2
54 132 1
234 153 4
168 156 2
54 187 4
190 54 10
32 184 2
105 17 8
187 216 9
54 238 7
251 193 1
98 17 4
213 138 4
113 80 3
54 217 2
193 168 2
98 32 1
24 17 8
43 168 8
98 184 7
254 98 2
105 156 9
46 82 5
88 54 1
184 81 3
216 93 10
39 81 4
254 143 8
138 2 4
54 88 9
102 232 7
30 216 8
220 16 8
39 187 7
234 254 9
98 164 1
82 184 7
78 25 5
65 221 10
12 196 9
217 12 4
179 247 2
158 127 10
233 254 3
216 156 7
190 113 3
11 17 6
216 239 5
184 125 7
88 127 3
12 4 5
254 145 1
127 156 4
190 118 2
216 156 1
190 245 10
156 151 9
190 88 9
12 252 4
54 14 3
54 213 9
43 160 6
108 26 1
52 54 7
132 17 8
232 98 6
31 156 7
54 216 8
98 234 4
88 193 7
64 13 7
99 39 5
209 25 10
54 216 2
82 182 2
210 113 8
204 251 1
216 27 5
239 127 2
4 98 1
17 156 8
251 190 3
17 151 4
251 216 7
32 88 9
88 24 7
72 213 3
111 54 3
138 151 4
229 54 8
127 127 7
213 2 3
216 88 3
59 198 7
216 175 6
98 216 4
234 88 1
178 132 9
141 184 5
32 102 6
151 138 4
190 17 1
102 184 1
76 217 6
102 32 8
190 254 5
242 90 7
14 25 6
82 54 8
88 17 2
119 203 1
213 190 6
88 217 4
216 156 7
4 81 3
142 88 4
156 232 5
88 216 6
251 74 1
90 102 9
4 38 6
32 81 9
17 216 8
156 156 9
156 113 8
151 217 8
117 145 6
216 138 8
54 233 10
17 216 2
216 88 4
20 156 6
238 17 7
147 206 8
12 124 3
54 190 10
216 193 2
222 40 9
176 216 6
113 217 2
238 138 4
239 156 6
50 54 7
113 54 4
152 254 10
121 190 1
250 193 2
251 216 9
98 158 9
254 199 4
203 213 4
88 254 7
88 114 8
71 98 8
88 17 9
54 193 1
90 113 6
247 216 2
158 219 8
156 118 5
187 102 2
254 238 4
189 176 4
175 7 8
54 121 9
254 190 7
216 113 9
209 78 8
203 54 2
127 209 1
54 113 5
205 82 10
230 190 7
213 179 5
132 46 5
105 11 1
88 130 4
151 145 10
152 54 8
245 81 4
156 216 10
216 251 7
184 251 7
190 254 3
190 17 1
216 132 5
17 169 8
98 151 6
186 145 4
216 12 6
193 138 2
118 17 9
40 129 5
216 216 8
26 226 1
138 90 7
245 216 9
32 17 7
159 190 3
17 132 5
187 54 4
81 187 3
168 6 2
151 17 5
156 156 8
205 189 7
254 225 1
151 179 5
7 216 5
12 113 8
98 114 2
254 254 8
251 151 6
238 151 1
252 74 10
216 252 8
151 88 3
138 168 2
88 91 4
54 162 8
254 4 5
176 239 6
133 237 6
216 216 9
233 40 6
191 20 4
156 216 9
251 127 2
40 82 8
156 216 3
17 190 3
90 156 3
54 88 4
151 180 2
98 195 3
4 204 2
216 177 2
235 251 6
199 143 2
12 46 9
98 213 3
156 17 5
27 88 6
59 88 10
216 209 9
234 203 4
89 126 5
216 74 1
233 216 3
216 59 10
254 232 3
88 4 1
184 254 8
119 233 7
217 12 8
38 88 9
12 180 7
233 216 7
195 190 1
156 151 5
203 229 2
163 39 7
190 203 6
216 118 9
127 50 3
113 216 5
75 98 8
26 203 3
254 106 3
216 179 8
12 254 5
190 152 6
113 252 9
98 17 1
234 216 7
156 151 1
229 236 7
203 32 10
221 127 9
162 216 5
233 190 7
195 238 2
32 216 10
151 213 7
151 239 8
138 169 4
179 222 4
98 88 3
107 156 2
132 193 4
20 88 9
17 190 5
156 98 1
216 216 8
151 216 6
219 205 8
119 156 8
17 25 8
217 11 5
193 216 8
203 90 7
212 82 6
88 245 4
145 217 4
102 114 5
216 109 7
251 54 8
249 156 8
179 216 10
165 162 1
151 190 7
141 216 7
216 151 6
193 247 6
165 179 1
43 17 4
209 108 9
31 168 10
94 132 6
4 151 8
118 190 2
140 138 1
178 254 6
82 127 9
216 138 1
98 138 9
247 190 5
88 193 7
254 138 6
133 98 10
132 176 5
233 11 4
201 221 1
88 254 8
152 203 2
82 88 5
138 117 4
140 156 6
216 26 3
32 88 1
151 58 6
216 213 4
168 209 10
156 196 8
209 129 2
216 213 2
168 138 8
213 82 2
254 209 10
216 83 3
32 17 1
24 28 1
209 32 2
88 98 6
118 201 1
184 114 7
214 4 9
98 113 10
90 156 5
54 216 3
98 233 9
108 151 8
168 114 9
216 216 9
216 24 1
174 156 9
127 32 5
254 216 1
88 175 1
102 32 8
213 4 7
187 216 2
213 81 6
193 237 4
80 113 7
216 17 6
203 190 9
98 193 10
17 4 4
113 201 4
98 54 3
233 136 5
216 156 4
32 17 8
190 209 10
216 108 5
7 205 5
216 90 7
216 3 3
88 234 7
216 138 1
187 38 1
113 242 10
216 151 1
17 236 7
29 216 5
88 136 2
114 50 1
216 40 3
54 203 9
216 7 9
54 98 3
228 4 10
217 203 9
151 42 7
216 168 1
81 17 1
98 216 7
81 138 2
217 4 4
245 233 5
17 151 10
176 17 8
179 50 10
254 88 2
254 17 1
12 156 5
143 184 10
102 54 6
156 179 7
209 79 4
216 217 4
190 111 6
31 203 2
50 232 4
43 216 7
232 156 1
132 17 7
239 31 9
132 216 7
127 179 8
102 98 8
90 219 10
201 216 7
190 90 10
254 216 9
199 126 7
216 124 7
228 223 6
216 196 4
53 101 2
132 193 5
32 176 3
78 12 9
245 168 7
113 203 9
250 238 1
245 132 8
118 238 10
54 23 8
209 143 2
216 184 3
251 193 10
25 232 10
94 119 2
118 193 6
221 131 8
213 132 4
216 165 9
151 151 7
190 132 3
232 46 1
254 151 9
98 216 7
98 245 2
245 254 2
98 179 5
32 195 5
82 254 6
32 216 10
81 239 7
187 81 2
17 254 1
31 54 10
193 82 7
175 156 9
14 221 10
254 163 1
88 115 10
204 39 10
195 151 7
206 190 5
138 216 5
238 14 8
205 90 7
250 98 3
245 238 9
54 156 5
12 90 10
20 88 5
237 233 2
254 199 2
254 156 3
217 254 8
216 17 5
156 216 5
151 20 10
151 233 5
234 213 2
174 158 1
118 251 2
88 17 2
98 245 6
195 205 8
196 187 5
216 127 5
216 54 3
217 4 7
217 247 5
88 232 7
176 245 1
17 179 10
54 118 6
17 17 2
110 254 10
187 251 10
201 219 7
225 233 2
98 216 1
190 28 6
179 217 9
168 209 6
118 98 5
146 203 3
113 98 3
138 168 6
163 213 2
88 118 7
7 254 10
156 88 5
88 88 7
175 118 6
245 4 10
196 178 7
55 193 9
29 233 1
10 254 10
113 217 6
216 4 5
64 38 2
220 110 10
199 54 4
17 238 7
193 201 10
165 216 10
168 232 8
232 145 10
46 216 10
239 113 6
151 193 1
78 209 8
98 132 2
156 213 6
156 151 2
168 168 8
216 190 4
190 60 10
32 216 2
151 12 10
184 209 6
206 98 5
27 185 7
233 187 7
5 216 6
98 141 3
175 133 6
216 151 1
118 254 9
184 216 6
216 31 3
24 12 9
221 151 1
152 216 6
88 88 7
54 12 5
12 179 4
232 199 3
151 114 7
245 254 8
216 190 4
96 201 4
150 81 2
229 162 10
178 193 6
190 151 9
110 132 7
212 114 5
50 151 6
88 118 3
216 82 4
97 216 1
32 98 5
216 213 6
138 254 1
31 136 10
190 203 9
141 216 5
187 98 6
233 220 2
54 132 9
132 151 10
136 88 3
245 4 3
205 80 2
205 98 8
74 254 9
145 254 1
193 81 5
221 203 10
211 209 3
251 158 5
4 118 7
37 114 4
156 115 10
138 220 7
12 17 9
81 17 10
245 173 6
11 98 7
17 54 9
169 4 8
245 254 3
50 82 4
254 83 10
114 88 9
191 17 4
39 14 7
156 157 8
156 98 8
187 245 5
216 83 8
115 81 3
216 175 5
151 78 2
176 20 1
178 54 1
241 254 9
26 187 7
165 190 9
163 17 2
131 114 6
17 138 10
88 16 2
232 88 8
151 196 9
223 12 7
32 190 8
179 151 5
199 216 1
251 115 1
229 151 8
151 238 4
101 190 7
254 216 1
179 176 3
216 191 1
184 32 5
222 98 8
88 254 9
13 151 5
216 7 8
203 175 1
196 151 9
212 190 1
216 151 4
254 216 2
72 217 8
4 45 7
54 173 9
221 88 9
38 82 7
221 184 4
118 189 7
156 216 5
17 151 8
32 11 1
156 216 3
193 54 8
184 201 8
165 209 4
245 17 2
238 151 9
88 216 5
238 54 7
201 220 7
233 216 3
190 151 9
91 253 1
216 151 2
98 82 1
113 175 4
254 216 5
4 245 4
17 67 8
7 118 6
90 190 3
81 54 3
233 17 5
101 245 9
54 88 4
5 17 4
118 52 6
59 50 1
54 245 2
32 17 8
229 216 4
152 25 3
24 213 6
114 156 8
54 133 7
179 216 2
102 251 1
138 216 10
184 98 5
156 54 10
217 119 6
232 238 10
17 216 3
216 88 3
216 151 6
14 118 9
245 216 9
184 155 1
216 187 8
88 156 8
232 114 4
214 156 10
179 17 8
216 113 3
200 203 3
168 98 9
190 127 2
7 216 4
132 216 5
90 245 5
113 216 6
220 102 3
54 98 5
179 113 7
54 127 2
254 221 8
94 233 10
7 216 10
54 216 7
190 216 3
98 221 3
31 216 4
98 190 3
216 98 2
156 17 5
216 4 4
88 11 10
221 216 6
32 199 4
74 17 3
233 174 5
216 216 3
145 17 8
114 185 5
17 190 6
98 216 4
82 29 8
151 232 7
213 251 2
187 26 7
148 78 2
216 138 6
205 216 1
190 118 8
127 221 4
187 216 9
232 216 5
88 176 9
78 88 8
216 213 3
17 16 1
69 115 1
17 98 10
118 140 3
216 201 3
216 17 7
179 209 9
17 39 3
118 190 6
113 113 7
17 114 5
23 59 1
179 17 2
155 233 1
98 216 10
114 114 7
156 206 1
127 17 2
11 90 7
203 152 10
54 216 4
19 88 5
27 151 5
17 190 1
196 202 7
17 46 8
81 201 9
216 31 7
216 233 8
221 12 7
4 118 6
199 206 3
216 113 3
156 251 7
132 245 7
221 90 7
54 98 6
98 81 8
190 98 5
31 7 1
151 174 10
88 179 2
140 178 9
58 17 2
40 102 9
216 151 3
252 4 6
193 216 1
119 17 2
151 216 7
193 132 10
216 216 3
160 88 6
25 203 4
163 98 4
216 81 5
124 50 9
146 151 7
90 211 6
216 136 4
17 190 6
17 19 9
254 190 10
38 82 4
54 17 5
219 12 6
216 168 6
138 57 5
216 88 9
17 103 10
199 216 9
214 216 6
151 24 4
17 216 3
98 156 6
101 216 7
98 98 8
254 216 3
216 151 10
114 206 9
98 216 7
216 251 6
254 81 2
179 78 9
151 132 1
201 205 7
192 216 8
237 26 9
108 184 4
118 160 4
234 114 9
168 219 3
133 151 10
55 98 1
98 185 5
179 193 5
187 184 4
245 213 1
118 190 3
151 98 8
32 27 3
46 132 3
216 203 10
190 232 9
245 254 10
2 229 2
88 190 4
254 190 8
216 216 3
28 113 6
40 50 5
216 138 1
251 216 4
251 254 9
132 187 1
82 184 6
254 127 5
195 217 5
146 206 4
151 59 6
216 239 6
217 216 1
190 98 10
61 213 5
233 115 3
187 88 8
127 24 4
98 59 2
251 46 7
127 46 6
216 245 3
88 195 2
254 97 1
146 132 6
82 251 7
222 90 2
17 151 9
247 254 5
5 7 8
88 32 2
145 94 7
245 54 6
254 232 2
216 151 7
50 88 8
20 151 6
156 98 9
98 190 3
98 199 9
88 179 8
179 132 6
216 216 5
151 187 7
32 17 7
54 97 10
24 190 5
216 81 3
88 127 2
162 221 1
190 217 5
119 149 4
