25 15
11 15
21 30
2 61
2 11
60 15
0 23
15 25
15 4
8 15
26 58
29 2
46 15
53 2
15 11
15 17
25 2
15 46
8 35
22 20
2 10
2 4
9 60
15 61
11 49
5 15
18 25
15 0
11 23
35 9
23 2
61 23
15 30
17 25
2 23
20 46
11 7
26 15
46 25
35 15
61 0
26 15
61 15
15 18
15 15
11 8
21 5
21 15
60 12
20 28
15 2
4 23
51 23
26 4
61 15
15 58
15 2
18 2
2 23
15 0
25 61
20 15
25 25
15 0
54 0
18 25
46 30
15 20
62 23
46 17
54 30
18 15
23 0
61 25
23 58
15 8
18 15
15 15
25 13
8 23
11 55
0 62
28 49
18 18
15 2
24 11
23 21
25 58
15 15
18 15
21 19
25 54
58 23
61 0
25 25
58 25
15 11
11 58
0 15
15 61
15 62
15 0
27 15
15 15
23 21
15 57
18 18
40 0
15 15
26 61
25 25
58 15
11 23
27 19
20 52
23 12
23 57
53 11
15 35
28 7
0 8
26 28
19 23
0 62
46 4
15 15
0 26
7 18
15 2
15 15
11 15
0 28
23 62
18 2
29 61
12 46
15 32
11 28
62 8
25 15
23 7
11 43
7 2
0 11
60 46
19 15
15 15
2 25
40 30
2 15
7 25
13 10
0 28
15 15
15 61
2 7
15 60
20 11
15 59
2 57
0 27
2 46
13 18
0 4
8 26
25 15
25 15
23 18
19 23
23 15
60 15
0 60
23 49
58 11
23 8
19 61
4 2
39 4
27 27
23 0
24 4
23 15
2 62
15 1
18 11
15 25
20 18
50 28
0 23
15 15
25 21
50 25
2 61
15 30
11 18
21 30
15 46
53 62
4 21
18 21
15 62
20 12
46 15
0 30
4 15
26 57
15 15
11 3
15 0
26 43
22 51
25 32
60 30
25 15
62 2
15 28
6 59
61 27
18 15
15 58
15 2
0 0
25 15
47 54
19 28
8 18
11 0
26 60
0 18
32 21
15 46
11 25
23 25
25 30
62 46
15 2
11 39
23 0
60 0
25 23
61 11
10 40
18 2
58 60
15 2
11 58
11 54
18 25
20 0
7 10
9 15
15 15
20 21
36 11
54 25
15 15
23 46
2 49
61 2
28 2
2 51
23 25
4 15
30 62
20 7
50 26
17 2
18 4
5 25
2 30
0 48
29 19
46 15
2 15
0 28
28 27
25 61
8 46
19 15
19 0
58 1
25 23
20 11
15 1
7 0
17 25
18 58
26 15
0 23
0 53
10 2
23 2
53 54
30 0
15 2
15 16
25 59
28 2
11 15
18 25
30 2
0 0
0 55
11 54
25 18
25 18
15 18
15 61
15 55
15 23
23 8
0 24
15 11
15 4
61 2
61 49
23 15
1 23
15 7
15 54
15 15
0 23
7 54
12 27
25 2
11 48
46 2
23 7
0 24
15 59
17 54
0 7
12 28
2 17
28 26
18 56
28 23
10 28
8 25
11 58
15 0
11 60
45 23
23 15
27 23
15 24
0 2
51 0
8 15
4 25
18 23
43 23
58 62
57 61
3 15
2 18
0 58
23 34
61 25
28 0
29 15
15 15
12 15
27 11
15 50
46 2
15 25
15 61
11 18
11 27
18 12
60 30
20 21
57 2
54 15
15 25
48 15
2 0
7 15
25 61
18 54
15 23
2 58
15 2
25 23
8 0
27 25
25 19
43 15
25 15
15 2
15 25
2 19
61 11
28 30
8 57
2 27
46 27
10 2
15 23
61 61
0 18
4 15
11 0
15 55
15 15
15 15
11 25
11 18
59 4
62 61
30 15
15 50
35 54
26 15
11 15
11 15
26 2
23 27
15 60
15 15
46 15
15 58
43 25
28 7
15 0
18 15
30 56
0 2
48 15
28 2
54 23
62 46
15 23
15 11
2 27
15 4
45 11
4 15
27 0
18 26
8 0
0 15
15 0
18 15
15 15
11 58
25 23
4 28
55 15
2 49
46 7
11 0
4 2
23 48
8 10
15 0
23 46
0 0
58 62
25 0
2 25
11 40
40 26
48 0
15 2
15 51
54 15
2 40
25 58
0 15
30 21
48 46
11 15
2 11
22 7
51 11
15 46
18 8
15 5
38 15
46 2
25 23
15 8
2 7
58 0
18 11
11 15
23 15
62 2
25 15
21 15
12 58
15 11
7 62
2 23
2 11
15 23
23 15
15 15
60 25
15 21
11 23
2 54
18 58
15 15
15 4
15 4
37 21
15 25
13 15
7 15
35 23
0 0
25 25
11 18
2 18
15 61
27 7
0 28
7 35
46 11
30 23
26 7
1 5
15 15
15 23
0 15
29 23
48 61
18 2
11 22
2 27
15 28
51 61
17 15
15 0
45 6
25 4
21 0
15 25
23 25
58 25
15 18
4 0
26 17
32 8
18 15
7 62
11 15
10 15
15 0
17 28
23 15
18 8
18 48
50 15
2 11
60 18
40 54
25 2
22 23
11 15
23 40
2 25
62 20
28 54
54 54
18 2
49 16
26 15
23 15
28 15
15 15
23 21
15 2
27 15
8 18
50 24
27 11
4 0
11 23
8 18
11 15
15 15
25 30
23 15
43 47
15 23
0 2
4 60
20 54
15 30
0 23
25 46
25 18
15 23
20 7
15 9
38 18
27 25
17 54
15 46
48 7
23 58
23 4
30 12
4 25
23 7
2 27
15 15
10 57
0 15
61 24
23 8
26 27
61 2
15 15
5 45
18 61
29 23
19 15
11 11
18 13
26 15
0 15
24 11
0 63
43 61
46 0
0 23
0 18
0 15
40 23
15 61
18 0
38 11
15 45
25 0
15 10
11 15
50 7
2 19
15 22
18 9
15 18
4 0
27 25
22 0
11 49
18 18
15 11
11 15
54 20
60 11
8 18
15 28
61 46
18 63
18 54
0 26
7 2
11 25
17 18
27 23
36 15
46 11
53 33
15 20
35 2
35 25
18 23
0 18
15 31
0 2
58 15
15 43
2 25
15 29
2 15
4 23
15 11
15 15
2 10
4 23
18 30
24 32
30 50
11 0
23 30
8 23
20 0
15 18
17 4
4 0
50 46
9 10
4 23
2 17
18 2
28 15
23 18
2 59
23 23
60 18
27 8
4 7
15 15
24 13
28 15
15 20
11 18
15 18
18 15
15 24
25 58
6 27
30 2
28 0
15 18
25 2
15 54
15 0
17 9
15 0
57 49
18 18
10 15
15 50
0 0
50 15
11 62
32 60
15 15
30 25
2 30
61 15
21 15
11 20
9 23
43 15
5 2
21 58
18 37
60 63
63 15
28 25
18 15
15 55
2 0
0 45
15 46
2 0
15 2
18 25
45 15
0 28
61 0
25 27
15 0
15 4
18 27
61 0
19 21
23 9
15 15
15 46
2 15
18 30
7 2
60 15
22 15
2 35
25 25
26 29
60 2
22 32
61 15
18 30
15 0
15 23
2 20
25 18
18 62
20 36
15 61
18 2
62 2
29 58
2 23
18 0
15 13
0 8
11 24
2 21
2 15
2 18
0 18
11 15
61 30
15 25
54 7
15 18
28 17
15 15
15 25
15 19
61 15
4 29
25 11
18 15
48 11
54 2
48 15
20 15
27 2
0 15
15 11
15 27
23 8
61 46
25 0
4 15
60 40
0 2
40 30
50 5
60 55
25 15
23 21
23 61
19 43
18 18
0 46
11 18
61 15
25 15
18 28
40 11
5 15
18 28
15 21
15 18
11 60
23 53
26 7
15 15
11 15
15 54
2 15
23 23
1 28
15 23
15 25
11 46
25 60
0 26
46 21
2 10
15 40
15 15
61 7
25 58
0 23
25 20
15 7
22 15
11 15
15 22
58 26
15 23
15 40
2 54
15 23
18 8
27 22
15 18
55 23
14 4
15 46
0 15
18 2
23 15
46 50
46 61
25 23
28 2
17 11
0 58
25 23
23 45
15 63
31 18
54 23
2 58
9 15
58 11
50 23
11 57
21 18
2 15
15 2
15 25
49 9
11 15
18 30
15 58
51 63
18 13
23 62
62 23
45 11
2 18
12 27
54 23
23 18
23 0
15 0
23 23
4 18
49 12
15 18
11 15
20 0
11 18
40 11
25 6
18 60
61 61
23 25
25 5
58 8
62 2
18 60
15 58
22 45
25 2
2 7
15 25
26 15
53 19
15 11
0 19
0 15
19 23
20 15
0 18
15 25
26 9
13 11
58 2
15 28
60 2
20 2
15 15
15 0
43 15
35 58
48 0
15 0
0 9
60 45
15 21
18 15
19 15
15 18
0 22
15 0
27 23
15 0
15 22
15 15
15 18
11 46
20 46
15 28
25 16
48 23
2 60
36 48
15 21
18 23
21 25
18 27
26 60
8 15
15 58
15 61
15 61
27 0
15 62
22 11
11 0
24 26
8 23
62 15
18 51
25 9
15 11
11 18
48 30
7 25
15 50
11 51
62 16
15 15
15 23
15 21
15 51
9 30
2 25
19 61
0 62
61 15
57 18
7 2
29 20
4 11
51 2
7 15
50 11
25 38
9 63
54 15
9 11
25 2
18 15
4 61
11 27
61 7
25 29
57 18
15 32
54 25
62 11
15 21
0 2
0 58
23 23
8 26
15 20
15 9
54 0
58 63
55 2
15 29
18 2
15 27
15 26
12 15
11 54
15 2
21 30
7 23
15 11
35 15
1 35
25 25
15 23
51 53
30 10
25 2
15 0
11 0
11 3
60 33
15 2
27 15
62 15
60 15
11 23
26 30
11 50
0 15
25 62
58 15
7 15
7 7
15 20
53 18
11 15
18 15
15 30
5 2
15 46
18 25
0 2
43 62
15 15
15 54
0 11
11 18
20 15
15 11
30 8
0 4
15 2
23 18
30 4
15 17
2 58
18 11
54 30
30 18
50 53
2 45
15 15
20 15
23 48
53 15
30 46
54 21
11 49
17 18
22 18
28 24
15 2
11 54
58 7
15 15
22 23
25 11
31 18
15 2
15 4
27 24
15 0
15 62
15 20
25 0
22 15
18 23
23 62
15 25
18 40
0 2
11 18
0 30
18 25
18 15
61 20
0 4
26 62
18 8
15 15
20 0
18 11
28 11
18 60
18 22
15 60
18 46
0 30
45 15
15 38
8 25
26 15
17 15
18 9
25 27
54 11
0 43
61 2
15 15
43 2
2 62
46 15
26 9
24 61
11 54
11 2
15 18
25 15
24 11
15 23
60 52
26 8
17 29
15 54
4 15
2 2
18 23
15 4
15 25
4 11
2 11
8 60
51 15
15 54
11 18
0 2
62 10
11 15
54 23
2 22
15 11
18 18
23 4
15 11
30 15
49 25
25 11
25 15
11 18
15 54
15 0
58 11
15 7
15 23
2 30
23 2
2 18
23 54
58 2
25 0
0 31
0 8
57 8
20 50
60 27
19 57
23 0
21 25
61 12
2 18
25 23
18 15
0 26
25 11
43 18
7 63
15 15
54 27
18 15
18 15
0 0
15 61
18 50
2 15
25 54
54 18
27 54
24 15
7 62
18 23
2 15
11 18
25 57
23 15
0 3
23 15
2 2
25 9
10 15
25 61
23 18
0 23
0 15
2 2
54 61
50 15
20 26
18 7
54 18
19 23
28 2
25 17
18 62
26 22
60 29
11 15
15 48
29 62
31 15
23 45
61 15
15 51
18 0
25 25
37 2
23 23
4 4
11 25
0 45
40 28
60 17
15 15
0 0
2 13
4 15
0 23
60 18
15 7
15 46
7 46
15 46
15 4
18 27
8 15
28 15
45 15
15 21
15 57
24 31
25 11
23 2
18 43
49 24
0 23
15 2
37 8
26 0
21 7
2 15
15 25
18 46
2 28
18 15
22 8
60 0
2 11
7 2
15 15
22 25
11 15
15 0
15 27
21 2
60 15
12 23
0 15
25 20
20 26
2 21
15 59
18 18
15 8
27 0
28 22
6 30
61 7
19 48
2 10
23 45
18 17
18 18
49 62
25 51
15 11
54 11
15 15
27 26
61 21
20 15
2 12
62 15
21 46
30 39
62 15
21 58
19 18
23 60
15 16
11 23
11 0
0 2
15 8
2 17
46 2
53 15
2 54
30 18
60 2
18 23
30 15
20 61
15 18
15 47
15 15
21 54
6 63
15 8
15 0
51 60
15 11
25 57
15 15
58 15
1 11
15 25
15 18
15 50
15 2
18 30
3 11
20 61
18 15
8 55
18 5
2 53
25 21
25 19
28 28
23 28
23 54
18 26
61 20
62 25
23 61
61 2
2 60
53 15
11 54
17 15
11 15
46 23
18 25
54 18
55 23
11 15
0 10
34 11
43 15
15 8
21 15
15 26
0 27
19 15
46 15
22 25
15 2
49 61
21 23
0 4
61 54
15 62
25 21
58 15
58 0
30 15
18 30
18 21
7 2
2 40
2 26
15 29
26 15
0 60
25 34
2 15
15 15
15 58
37 4
2 60
23 26
51 15
0 11
54 8
15 60
23 15
54 11
15 15
18 15
11 2
22 29
25 27
28 2
23 2
11 25
35 15
18 20
62 27
10 11
2 25
20 62
58 21
2 2
18 26
46 23
15 15
23 25
18 20
0 23
23 7
21 46
0 43
17 11
25 7
11 25
6 0
2 57
60 26
15 29
57 2
35 0
18 0
15 25
46 46
54 30
15 54
58 11
12 18
18 28
40 54
2 21
0 18
25 2
30 25
15 31
26 15
0 27
15 15
51 2
2 7
21 43
15 15
26 54
62 35
15 8
15 2
37 23
25 58
21 15
11 45
26 11
25 11
55 15
15 15
48 18
2 15
18 45
21 8
4 53
0 18
18 15
15 23
