2 26
17 28
4 26
23 17
17 0
10 21
17 17
30 23
23 18
17 4
17 17
0 14
17 21
4 22
11 20
0 22
22 22
16 17
26 1
17 13
21 23
23 26
17 17
23 16
20 17
17 2
0 10
18 17
26 14
28 22
5 22
17 17
29 17
22 23
17 22
7 23
7 7
17 30
29 17
17 0
17 17
17 31
0 19
17 0
7 17
17 17
22 21
17 23
23 23
13 13
13 17
17 22
17 21
17 16
17 31
22 23
14 18
0 21
6 21
21 5
17 19
17 6
31 7
13 17
24 17
0 21
31 17
31 14
13 17
0 26
6 22
29 26
22 19
17 0
8 31
23 17
10 23
0 17
6 17
0 0
17 29
21 21
26 22
0 7
17 4
5 26
17 0
29 17
0 23
8 22
23 22
10 4
0 17
17 10
26 17
18 21
0 19
29 17
17 21
22 2
17 22
8 23
6 6
16 17
18 11
0 21
5 21
23 0
17 29
16 26
4 0
21 23
17 5
17 17
5 13
22 29
17 10
22 22
6 21
0 22
26 17
26 17
17 5
7 26
10 17
28 21
26 26
22 17
17 18
17 24
26 13
31 17
17 22
22 14
17 0
0 10
30 5
17 22
17 31
23 0
29 6
6 28
29 29
22 26
11 22
29 0
21 17
17 17
17 21
4 23
17 13
16 21
17 7
17 21
7 22
21 21
6 26
23 17
19 0
26 22
23 26
30 21
6 23
17 6
22 21
26 13
17 4
13 6
31 17
13 17
29 24
14 17
17 0
6 6
21 23
17 23
0 17
11 22
22 22
23 18
20 17
7 24
17 29
21 17
19 5
22 13
26 17
17 17
22 17
21 17
22 26
23 1
23 17
21 22
22 31
26 10
23 16
16 17
26 0
26 29
17 18
21 17
10 22
17 26
4 2
21 17
0 1
17 24
21 29
7 17
18 21
23 26
13 18
17 10
26 26
17 17
9 18
26 0
13 23
29 11
26 21
21 17
17 12
11 17
22 17
21 23
21 23
5 21
4 10
13 31
17 22
17 13
17 23
17 17
1 17
0 17
26 14
17 22
17 16
6 16
7 17
17 8
23 17
23 17
21 0
18 16
31 7
22 26
31 23
17 30
17 10
23 0
22 24
13 1
4 21
23 0
22 4
26 17
22 23
17 25
0 23
6 22
21 26
17 11
23 31
16 4
30 22
6 13
31 17
8 22
16 22
8 0
17 7
23 18
17 0
22 10
31 22
10 23
17 7
17 17
22 21
16 17
18 17
23 21
0 5
7 23
7 23
27 10
6 22
22 17
0 26
6 9
17 10
17 26
26 23
18 17
16 26
0 17
23 31
23 17
0 31
26 0
21 0
22 6
23 10
17 26
23 11
21 17
19 31
21 29
26 21
23 17
17 17
7 0
12 23
17 17
21 16
0 22
22 20
16 4
29 17
17 17
16 7
6 17
23 31
10 17
17 26
4 0
16 4
10 6
22 22
7 23
6 17
31 13
0 26
17 11
5 17
17 14
17 13
21 24
31 17
7 4
23 0
20 22
17 17
17 13
17 17
13 26
17 21
18 29
17 8
10 17
19 17
22 24
17 26
14 21
17 17
26 17
17 17
12 21
31 18
17 23
17 17
20 22
22 10
17 28
16 6
11 23
17 24
17 21
7 23
16 29
17 6
26 21
23 16
26 26
17 10
26 4
21 17
17 21
25 31
30 6
23 24
26 17
0 7
22 17
10 17
29 23
17 23
22 31
17 11
0 21
16 22
22 17
18 21
17 4
23 11
17 31
0 0
17 21
13 18
19 10
21 26
0 13
29 17
21 21
0 22
8 0
22 26
17 17
10 11
17 17
16 17
17 16
26 26
10 17
0 0
0 0
5 17
21 26
30 13
21 26
20 26
17 9
20 8
14 22
11 17
22 23
21 17
23 17
29 21
4 30
16 17
21 17
21 22
23 16
2 17
31 18
21 17
21 21
17 7
26 9
26 21
16 0
24 26
17 26
26 23
17 7
8 17
22 5
17 17
23 22
4 11
23 17
21 17
26 17
26 26
17 2
0 20
11 26
18 17
23 16
17 30
23 0
8 17
27 18
7 26
26 23
0 23
22 27
17 17
21 14
5 21
6 23
29 21
8 13
29 17
29 22
23 21
22 22
17 0
17 14
17 22
7 13
17 6
29 23
4 29
31 22
16 6
26 23
17 7
23 7
0 17
31 22
17 17
24 7
10 21
17 17
17 17
16 0
26 13
7 11
23 11
17 26
0 23
5 23
5 17
17 5
22 26
6 15
22 17
0 23
17 17
31 17
26 17
6 7
29 17
22 21
30 16
31 6
26 10
17 13
17 17
13 17
6 0
23 0
22 17
10 26
7 18
21 17
17 29
21 21
0 21
26 17
26 26
23 21
17 6
21 17
17 24
11 17
17 26
4 18
1 17
22 6
17 7
10 17
31 23
17 16
31 23
7 17
22 10
1 23
3 23
11 21
31 29
29 17
21 11
21 26
14 0
18 16
31 22
1 21
0 26
12 6
6 23
26 17
21 6
5 17
18 17
0 6
22 4
4 17
14 17
26 4
17 13
21 17
0 29
17 29
24 10
6 17
17 26
4 13
21 23
0 7
17 17
17 31
17 11
0 21
22 17
17 17
26 17
17 23
17 29
26 13
26 7
31 17
4 26
17 29
17 23
11 23
17 0
22 22
21 23
0 12
10 12
21 23
8 11
29 9
16 0
26 27
0 19
23 27
21 29
19 17
21 8
20 26
20 26
31 7
0 17
16 23
23 6
10 0
4 10
17 10
22 17
17 22
17 20
17 17
0 21
23 21
17 17
0 22
23 23
22 21
17 17
30 17
17 16
23 13
17 29
23 21
0 17
22 22
4 17
17 4
21 22
0 23
17 28
21 21
4 17
29 17
5 7
6 22
21 17
17 11
0 26
29 23
17 16
21 17
23 8
17 17
0 0
17 23
23 7
17 17
7 17
23 23
7 4
17 4
0 17
4 17
16 17
17 23
24 17
17 17
23 26
17 0
17 0
11 17
0 5
7 17
17 17
22 13
22 7
23 1
17 22
22 4
23 26
22 17
22 13
18 0
18 0
21 17
26 23
7 17
1 0
17 23
22 18
5 23
21 17
21 23
17 21
22 21
17 21
26 19
21 31
26 22
7 21
0 18
17 28
17 17
17 7
17 28
6 21
0 17
23 17
31 17
17 21
31 0
7 17
7 26
0 17
15 21
21 23
17 17
13 1
21 26
17 17
26 0
17 29
17 13
21 17
23 17
31 7
11 17
17 23
17 2
21 17
14 17
17 17
17 23
2 23
24 0
17 22
7 13
22 14
13 26
22 10
0 17
11 8
7 17
16 0
5 17
17 17
17 17
17 10
17 20
31 18
26 23
16 26
26 24
22 21
23 22
17 22
17 23
18 23
0 17
26 29
2 17
