20 108
145 240
170 135
120 188
108 190
36 77
213 190
117 143
170 137
46 121
99 47
211 77
161 108
106 188
106 137
72 188
231 213
145 177
190 126
163 252
121 170
190 137
20 86
172 190
172 85
20 233
43 188
106 252
137 61
99 80
188 78
36 177
53 231
65 143
65 108
51 170
188 20
32 137
98 51
231 188
201 108
42 68
108 190
104 137
99 137
239 98
20 85
235 20
213 202
201 137
173 108
213 20
181 190
53 202
55 214
108 188
51 45
190 99
137 227
137 220
32 223
135 182
80 161
223 53
104 137
7 108
179 190
43 231
42 137
158 117
158 137
188 32
111 137
98 137
68 41
252 243
170 137
188 137
140 24
194 77
99 167
252 161
137 5
201 137
170 167
172 38
188 167
99 124
145 170
125 108
125 89
72 188
165 53
99 108
191 137
3 137
135 145
19 244
88 158
20 121
137 202
161 111
163 19
121 141
20 172
137 77
6 177
39 201
65 192
135 38
192 167
87 32
79 232
158 188
202 135
170 135
188 100
137 83
161 181
137 20
85 137
72 79
137 188
214 80
137 71
215 117
143 20
190 145
20 99
190 137
31 20
145 238
137 170
137 45
99 170
137 143
150 121
108 55
177 137
137 190
137 85
143 47
137 137
108 79
223 119
247 86
202 99
46 106
143 30
202 159
99 170
147 137
87 228
215 53
32 117
170 30
98 253
90 137
145 170
137 188
137 190
53 213
7 79
190 87
237 108
213 217
53 135
238 190
12 135
32 237
252 97
108 137
20 106
237 190
145 120
202 137
201 99
223 51
87 135
252 249
213 55
188 72
7 89
215 137
53 252
135 193
36 119
112 137
190 232
99 161
201 167
36 172
125 137
126 39
36 7
235 135
175 108
202 238
47 170
225 170
137 98
12 188
46 53
170 99
57 36
170 145
196 135
237 170
170 98
7 145
175 77
36 156
137 135
117 232
252 190
42 137
47 120
46 68
188 137
241 53
88 192
42 231
87 24
175 161
72 188
65 85
165 188
137 182
135 137
207 223
53 253
190 163
190 135
188 53
188 201
41 137
190 202
177 24
170 20
137 137
53 99
136 161
201 240
177 252
137 20
99 252
20 98
170 188
53 194
170 188
38 72
119 24
137 20
170 238
145 46
117 120
137 87
137 99
184 252
220 190
39 125
70 137
191 85
177 62
32 93
190 53
72 126
202 137
120 99
252 135
119 183
218 223
249 19
232 20
190 120
143 137
137 121
170 137
42 202
243 119
223 145
190 60
223 170
117 223
223 135
137 156
20 108
137 235
135 91
79 105
145 108
253 126
190 223
175 231
38 240
165 188
3 137
170 145
68 222
126 53
73 137
51 60
213 145
219 119
143 200
170 108
136 143
137 76
137 32
183 137
172 108
137 223
137 112
99 24
135 137
137 190
99 38
190 135
192 20
158 53
108 188
188 108
158 188
108 7
20 91
51 87
137 117
99 202
177 76
121 172
190 117
137 137
231 32
36 237
7 85
30 108
236 108
20 172
137 46
209 135
54 38
135 72
39 85
99 167
145 85
20 190
158 137
24 20
57 3
3 99
68 135
7 135
3 248
112 158
80 42
170 137
236 108
172 143
202 124
53 223
136 77
236 124
41 232
43 20
99 188
53 20
126 190
85 214
190 188
192 99
89 170
31 188
53 219
190 108
137 111
188 65
53 175
98 190
77 37
137 170
98 97
20 137
137 115
137 175
182 24
176 51
135 36
46 249
137 188
190 108
137 235
137 47
167 202
85 14
137 53
137 137
124 46
20 68
32 170
20 42
137 236
122 87
7 170
137 36
167 220
236 198
202 108
85 108
213 158
188 188
170 19
137 87
250 86
223 135
190 133
211 106
183 190
53 99
137 170
119 137
170 20
79 219
167 45
99 77
201 59
56 37
137 175
167 192
177 98
172 202
108 177
29 137
223 24
119 41
53 202
99 42
231 39
215 120
7 145
65 68
188 85
126 117
190 137
20 231
135 65
150 137
214 98
53 170
53 117
188 135
202 137
188 46
243 137
223 186
54 91
201 108
87 188
137 190
12 165
14 137
215 42
89 231
99 135
20 31
26 36
167 188
68 165
72 170
39 137
76 77
238 99
33 108
20 137
145 29
136 177
26 32
170 20
161 68
209 143
32 201
46 236
27 117
182 235
133 87
147 172
53 108
192 170
190 85
252 119
227 137
7 83
177 220
87 72
99 137
248 202
227 137
38 65
137 7
99 213
201 185
20 20
231 53
137 202
137 46
104 99
188 72
89 57
143 158
177 193
80 133
137 165
53 211
135 145
223 143
202 77
177 243
108 119
72 68
167 188
87 188
53 107
155 235
252 53
38 7
98 145
41 108
55 108
161 140
65 161
116 223
137 137
53 65
201 104
175 137
201 137
20 235
137 215
232 98
202 190
137 89
170 177
190 108
68 202
202 137
32 188
112 191
231 121
170 42
89 170
87 117
137 137
170 17
175 252
72 172
137 99
223 99
31 239
98 223
191 137
72 137
57 214
173 108
45 65
20 20
46 188
190 137
137 211
99 14
202 53
72 87
137 137
201 137
189 20
119 161
135 99
167 137
137 31
161 217
161 158
20 167
207 135
161 170
213 126
86 68
24 122
190 137
137 190
202 190
20 161
137 52
170 137
32 51
170 66
215 111
250 135
170 24
54 120
80 137
190 6
109 227
161 238
176 222
20 172
46 201
99 190
8 190
167 163
252 137
117 191
39 188
170 20
77 137
135 143
0 78
150 219
108 137
161 108
137 20
85 53
53 34
170 173
137 170
145 99
111 177
111 137
31 201
19 125
117 135
55 24
54 137
201 24
190 135
53 158
213 119
135 68
232 135
51 59
68 80
137 117
65 161
98 108
117 193
161 170
175 145
65 223
137 190
20 99
108 42
99 137
121 119
68 188
72 190
165 238
137 53
207 65
98 99
122 137
137 29
157 190
137 177
190 29
137 108
108 19
42 145
158 46
79 155
72 167
20 38
136 170
190 117
193 170
99 42
238 20
223 122
99 218
136 53
231 55
167 236
213 135
65 214
145 51
225 137
20 188
36 188
213 135
236 85
135 53
53 59
65 231
135 139
190 5
137 190
223 223
24 231
252 85
137 214
161 117
231 236
47 119
223 137
190 135
119 133
248 235
108 235
143 87
193 137
161 172
117 161
245 177
26 69
137 143
167 104
170 72
108 170
201 53
119 186
137 108
133 177
137 86
108 177
170 20
137 211
248 195
128 206
20 151
214 249
137 98
99 108
85 253
77 132
87 41
53 167
170 20
202 137
38 170
20 3
137 108
137 20
137 126
53 65
160 20
235 210
20 56
108 137
237 137
250 182
137 57
147 7
135 137
190 137
108 12
87 138
108 143
158 38
53 137
137 120
108 3
145 182
38 253
161 188
150 20
201 72
20 191
20 38
90 20
223 226
43 161
112 19
69 143
137 30
135 201
117 119
137 170
65 225
99 29
213 98
223 68
188 36
135 137
170 137
65 72
145 135
38 172
188 211
137 137
143 87
119 100
99 31
188 38
211 137
99 185
128 24
87 77
224 158
137 77
231 12
63 188
46 91
188 163
135 96
20 125
53 193
170 20
227 190
231 99
106 190
77 170
156 20
196 137
108 137
188 98
108 87
55 41
137 238
190 20
51 125
254 99
72 72
165 68
20 203
72 99
20 99
108 24
135 170
32 135
193 170
24 20
99 42
77 68
3 7
20 72
99 137
137 170
42 42
15 145
119 170
99 69
137 53
77 31
190 223
219 20
170 213
72 190
41 17
20 38
253 137
170 60
170 158
20 99
99 254
85 65
53 238
20 36
137 167
135 137
72 68
137 117
135 108
170 202
188 220
246 53
99 145
52 213
137 202
68 19
177 252
30 46
231 220
190 252
190 135
249 53
24 219
36 143
201 82
85 137
51 87
190 177
42 137
32 136
178 85
209 42
170 150
22 137
53 20
188 170
137 99
99 137
124 223
234 137
188 36
137 99
26 20
118 170
135 190
239 252
20 36
65 108
24 42
161 105
117 190
203 201
137 128
85 137
170 117
137 137
170 65
36 252
79 177
30 20
137 209
20 156
213 128
79 235
210 20
173 109
77 77
117 53
72 169
213 167
85 137
173 108
74 42
223 108
163 32
159 77
99 53
65 155
17 80
199 158
76 198
32 184
213 190
99 53
137 190
111 188
124 167
36 226
190 46
32 165
88 65
137 225
53 223
31 63
170 213
137 145
91 219
223 244
137 252
20 85
111 93
87 42
88 39
137 108
77 254
26 146
99 219
188 135
119 188
51 7
108 122
190 38
137 137
99 252
20 231
108 182
137 226
104 240
38 170
63 190
161 108
210 68
170 219
170 170
31 108
41 170
214 188
135 173
119 77
167 53
117 235
108 77
117 108
150 213
188 20
124 238
143 252
98 227
7 170
190 111
137 137
177 122
170 42
68 223
176 99
250 201
137 135
161 160
40 87
38 104
62 20
131 68
53 137
202 190
137 137
119 135
87 65
253 135
137 170
252 137
252 53
137 137
245 65
77 72
36 163
244 38
108 120
12 87
98 108
124 53
77 98
53 108
3 62
207 53
24 161
58 145
158 190
135 87
202 188
117 20
190 170
211 20
20 36
108 29
53 137
161 143
188 136
53 145
159 214
202 202
135 156
137 201
98 119
20 53
99 176
108 218
230 177
38 99
72 202
20 188
137 145
12 112
137 124
202 99
57 36
161 47
137 161
135 163
145 87
89 101
137 250
137 68
172 36
63 85
188 161
53 123
145 29
46 190
190 84
201 135
53 237
108 202
77 41
137 99
77 188
85 53
173 72
55 249
137 170
188 42
137 12
137 65
117 167
20 16
167 53
108 41
154 227
190 53
99 68
137 153
170 108
188 243
215 170
93 20
85 135
98 137
53 188
7 42
137 145
244 158
213 24
117 167
135 201
20 117
188 221
188 179
3 137
211 137
213 56
238 161
51 137
98 201
119 137
42 190
135 137
108 135
214 235
124 117
69 51
135 33
173 219
165 20
36 170
188 135
166 131
112 231
213 36
65 20
137 136
117 20
32 137
143 137
20 211
215 220
235 68
220 108
57 207
36 137
20 167
201 220
167 108
188 120
88 119
173 190
115 170
248 135
124 213
235 240
72 244
22 32
65 170
108 190
201 167
232 158
135 137
161 30
38 119
190 135
99 188
137 121
232 20
77 7
237 53
170 79
170 164
135 24
252 190
53 135
188 86
190 42
7 119
188 167
231 135
77 207
202 53
15 244
7 220
119 137
191 46
214 177
135 213
170 227
74 190
223 24
170 190
158 68
172 201
119 99
108 236
106 32
51 191
117 104
108 68
34 12
53 65
86 36
65 85
226 163
143 190
177 231
210 202
108 6
137 53
77 136
68 252
53 85
87 57
53 7
108 143
137 30
177 38
119 177
252 38
88 38
85 190
137 87
108 33
53 170
117 72
157 190
87 219
223 223
106 71
207 202
153 119
108 188
165 93
145 137
137 53
65 7
200 117
39 207
135 7
135 155
175 188
42 99
65 118
223 72
211 173
42 125
36 188
137 172
20 240
137 170
170 20
85 158
137 53
137 167
83 20
85 53
77 235
170 137
150 227
170 158
198 143
193 190
202 85
46 137
240 3
135 137
137 137
170 125
188 65
137 59
20 105
3 202
34 108
87 137
38 252
143 85
170 190
190 69
77 137
188 125
188 170
65 42
137 72
86 41
137 55
157 36
117 76
31 213
117 137
190 32
201 68
135 99
137 128
41 177
65 188
65 193
170 161
72 170
137 177
119 163
215 158
158 137
108 170
24 55
105 36
193 124
190 99
136 108
137 108
194 36
211 145
188 137
81 117
99 190
99 137
188 226
77 121
120 170
198 87
158 227
252 219
137 53
72 120
135 170
68 188
207 143
170 7
88 137
126 160
38 77
65 238
146 135
137 108
252 38
42 119
20 108
244 137
192 63
137 56
230 250
65 167
68 175
188 126
99 47
108 53
106 175
145 137
213 167
188 65
172 7
135 188
145 143
30 79
163 176
219 32
85 137
188 109
213 87
227 236
190 220
65 170
108 220
55 188
215 155
215 53
53 82
20 190
202 193
161 20
119 135
3 223
249 53
91 237
211 173
108 36
188 53
29 137
155 137
137 137
170 188
46 59
99 89
99 137
175 68
154 106
135 19
213 29
53 68
55 31
137 47
20 188
85 72
137 223
226 119
143 143
213 36
158 3
108 137
137 53
119 46
188 15
213 190
191 170
89 252
135 143
24 20
159 38
177 23
202 101
133 231
77 137
190 126
135 135
188 72
137 170
188 137
42 88
20 161
137 143
150 165
108 20
188 108
53 168
137 135
72 177
137 108
220 20
20 172
53 99
137 231
20 39
117 108
167 137
137 232
190 223
216 190
135 137
143 252
121 188
53 46
170 154
137 137
36 137
213 41
117 32
46 93
93 170
170 210
137 77
227 20
121 137
137 19
137 86
85 147
19 20
170 167
135 53
98 98
137 191
137 158
119 161
65 38
99 87
87 186
68 231
137 108
65 137
19 72
87 79
158 135
137 137
20 143
117 201
20 213
137 123
16 223
232 53
211 197
137 190
137 137
192 53
15 170
86 193
20 137
98 223
232 215
20 30
149 145
167 210
135 190
188 188
19 155
36 53
178 223
137 167
145 87
226 137
223 99
246 135
53 219
135 167
99 137
175 137
190 248
182 202
53 145
77 117
137 135
190 158
7 188
108 201
158 190
135 39
20 137
126 190
109 99
108 226
24 203
219 182
191 145
46 201
108 177
65 177
246 53
237 53
80 191
173 71
161 99
223 135
215 220
108 188
99 227
30 87
3 137
87 112
137 227
137 30
112 53
137 135
137 99
108 137
39 227
192 201
99 33
137 188
137 20
7 108
145 53
177 202
135 12
94 68
42 173
135 219
37 138
170 24
72 124
137 135
157 137
167 143
32 201
77 158
54 107
68 24
24 68
33 53
99 29
119 227
7 252
65 158
77 214
20 137
170 65
143 250
170 201
170 235
167 87
98 135
223 232
33 137
177 188
202 201
202 7
161 182
20 68
135 156
145 250
158 53
85 53
117 24
170 230
121 223
170 252
125 170
38 224
108 20
117 72
32 137
157 65
137 188
143 137
76 132
145 172
137 42
137 77
26 145
98 101
24 77
188 177
244 39
236 20
190 34
137 30
194 137
85 155
201 20
79 125
86 38
223 38
39 108
231 190
253 85
38 155
213 137
7 170
108 36
145 186
77 42
137 117
190 137
137 220
137 119
99 170
137 77
137 190
135 53
72 53
226 108
188 93
69 108
20 24
53 188
89 145
131 232
20 137
88 99
222 108
65 8
137 170
79 202
80 66
43 177
202 85
131 163
80 170
179 234
88 20
85 224
42 188
202 137
20 190
170 7
120 7
53 170
7 120
137 22
117 190
252 250
170 108
133 219
143 99
137 231
32 158
53 143
53 77
12 117
182 201
137 99
24 36
122 36
213 158
190 20
226 20
137 219
190 231
111 87
223 163
131 137
137 157
68 57
117 119
26 139
99 12
121 190
88 51
236 170
85 42
145 98
252 182
137 112
48 99
137 137
173 137
170 170
172 175
223 17
190 53
190 137
227 53
20 190
220 46
145 201
225 163
188 158
3 188
135 188
80 145
145 72
231 190
32 20
65 46
213 108
167 77
87 135
98 190
104 88
108 53
124 252
170 111
137 55
214 137
85 223
161 188
42 188
20 20
79 218
207 42
19 137
85 137
32 137
85 188
232 99
24 119
190 170
252 175
77 137
137 20
173 137
155 117
119 137
117 20
22 32
77 163
98 19
79 145
242 223
165 99
170 226
6 235
190 137
99 12
192 236
214 137
158 85
177 137
20 99
20 24
225 117
53 7
170 137
41 178
6 20
98 167
186 137
53 99
240 226
170 215
167 117
188 20
99 128
57 87
137 170
46 137
33 143
65 56
190 137
34 193
175 136
55 32
3 26
72 85
202 213
7 108
213 224
106 252
188 137
137 42
137 12
99 111
167 223
47 24
182 90
69 128
20 220
190 89
189 108
46 53
108 53
188 254
143 119
158 167
211 77
119 135
137 190
213 46
134 77
161 137
202 137
137 158
166 135
213 125
190 188
20 99
53 170
173 177
172 26
108 38
24 134
135 50
188 235
38 119
7 170
36 36
99 170
137 236
143 235
137 112
108 26
188 24
6 65
124 137
220 20
72 135
220 188
135 137
158 231
188 156
158 124
190 172
177 172
36 99
126 38
249 135
170 143
53 101
161 232
29 99
98 137
108 77
46 165
167 117
135 158
99 85
188 219
170 248
237 53
85 32
145 137
47 190
8 135
173 203
170 68
38 68
30 182
36 158
167 108
118 137
145 20
175 65
100 202
68 135
20 20
15 99
201 137
213 68
143 137
145 72
7 137
190 38
36 137
135 177
137 80
98 20
158 39
7 36
188 93
232 133
33 72
175 188
136 160
53 188
108 240
223 72
99 161
193 201
108 24
244 135
188 68
146 167
7 39
219 105
36 20
188 220
158 6
20 232
143 53
190 39
5 108
24 137
190 99
177 108
38 137
137 158
20 123
150 133
225 53
238 137
132 170
41 137
53 26
143 220
252 188
165 207
108 161
137 135
137 53
137 236
172 137
68 190
177 46
188 3
119 135
202 252
53 137
55 135
223 31
80 53
38 106
167 30
53 42
137 108
7 20
170 99
202 143
172 72
68 213
137 3
20 98
36 80
53 137
108 3
158 24
167 214
55 137
190 135
108 87
33 202
231 227
46 143
99 108
137 36
119 137
32 20
4 150
80 98
65 177
202 99
236 231
137 188
20 128
20 53
53 252
150 20
161 161
135 124
190 201
6 111
156 135
98 46
51 46
99 20
20 40
201 36
137 238
214 219
137 135
46 137
201 192
211 137
177 98
119 32
99 188
219 72
41 65
213 26
53 7
68 20
250 135
123 108
26 42
250 220
134 137
137 156
250 158
128 226
68 170
79 32
53 177
235 36
108 188
106 240
98 33
53 32
56 178
30 188
80 32
24 223
68 32
77 233
135 150
240 20
46 170
201 42
53 85
175 137
106 170
77 137
165 165
135 124
41 163
137 42
19 137
124 108
99 83
170 126
137 249
163 177
190 186
161 190
159 188
163 119
190 20
5 57
232 108
149 145
26 193
137 7
188 68
108 188
88 119
217 137
135 223
135 68
250 99
190 99
137 53
137 188
108 137
172 153
186 172
179 158
36 68
186 173
145 20
188 226
158 136
108 220
89 19
32 41
194 133
197 53
128 137
66 137
135 250
155 86
190 250
170 31
214 173
108 135
135 170
77 190
155 137
166 177
26 68
137 253
210 177
87 68
175 223
211 53
190 20
160 137
137 219
17 65
108 207
101 46
198 46
108 87
223 190
201 65
53 20
190 32
87 137
43 108
68 135
252 99
99 156
182 86
65 158
108 137
167 31
246 108
53 201
48 172
137 98
53 178
190 138
231 223
65 137
126 7
135 35
143 135
135 227
188 137
137 158
93 170
172 128
177 145
137 135
137 178
71 99
98 214
137 135
54 231
80 135
137 88
150 170
137 68
65 119
82 68
177 135
42 89
226 214
117 119
38 201
42 190
125 108
20 20
99 53
240 137
24 53
218 137
108 190
55 182
85 231
98 190
155 158
36 190
65 223
32 137
241 53
165 53
158 20
7 218
20 137
108 68
211 135
94 77
71 155
136 201
24 213
137 137
252 77
161 158
220 99
231 9
20 137
72 170
20 77
135 75
42 119
20 188
9 20
170 5
193 36
108 202
99 57
108 20
89 190
190 135
137 38
36 173
211 137
111 108
34 189
214 202
154 137
99 85
154 131
205 231
202 137
158 137
188 86
83 137
53 190
190 42
119 32
202 7
154 137
170 7
170 227
158 88
120 166
183 172
68 202
201 167
65 87
135 20
36 87
190 188
137 19
186 99
149 53
211 136
201 137
153 7
53 188
117 120
172 190
20 118
119 177
137 137
190 249
172 150
125 161
117 137
145 128
137 24
99 7
170 158
20 132
98 238
123 240
133 108
137 252
137 20
36 12
188 235
190 143
14 41
137 190
99 85
210 126
32 212
135 186
170 121
201 202
137 26
55 128
135 112
88 137
137 202
252 36
87 56
112 108
207 135
199 238
170 20
53 5
38 38
167 20
125 98
137 201
53 104
135 65
170 190
170 32
77 157
72 188
20 159
137 42
231 201
135 188
3 20
33 188
188 115
188 117
145 68
68 137
108 99
7 51
68 188
72 98
68 57
163 53
48 175
213 111
20 119
193 137
220 179
137 188
201 89
68 137
53 99
72 188
72 170
12 137
57 170
137 150
231 119
106 145
135 213
170 125
137 143
188 201
137 188
137 20
80 145
252 137
182 65
190 31
85 20
190 170
46 137
31 170
47 155
85 3
137 38
223 46
20 170
53 175
53 137
42 79
46 177
108 192
202 137
7 133
99 172
32 53
32 53
224 99
135 126
175 24
65 108
137 167
24 170
135 170
137 188
124 30
38 135
53 231
137 46
20 190
213 224
143 161
78 42
77 167
130 20
20 32
137 154
32 77
240 137
167 41
94 190
137 227
46 32
188 85
135 161
0 65
20 249
170 38
119 211
108 143
99 52
240 223
135 20
53 135
252 53
108 85
99 53
135 117
118 32
225 191
20 161
190 20
143 135
53 143
190 46
175 68
137 226
32 46
137 119
170 141
202 190
135 231
53 32
30 111
135 9
190 167
86 170
137 235
188 238
161 158
20 238
137 77
188 223
133 137
226 188
33 135
24 87
7 137
137 26
36 99
42 236
108 158
20 85
137 68
88 201
99 42
188 135
77 223
29 26
177 137
72 135
137 137
223 143
20 65
236 108
27 238
190 20
20 188
177 53
254 108
145 24
99 51
38 20
223 137
227 238
170 167
135 135
126 165
20 19
244 65
188 191
223 85
98 87
24 86
68 125
188 137
137 190
240 214
252 68
68 177
190 117
137 190
170 38
137 53
235 232
146 137
108 41
99 137
135 143
135 99
219 108
137 137
137 135
188 250
145 24
137 202
136 137
191 108
186 226
137 24
182 211
20 190
119 182
137 137
208 137
231 158
69 198
170 88
77 225
88 117
190 159
20 87
170 165
203 24
145 135
128 135
150 170
53 20
202 42
53 99
125 98
99 20
87 32
99 128
46 47
20 135
190 68
53 219
201 231
170 136
137 75
207 55
101 163
188 170
30 94
89 128
85 172
190 99
135 53
112 42
145 7
53 231
22 99
248 223
43 150
211 202
188 188
137 53
176 53
135 88
122 20
65 45
149 201
191 158
119 85
5 77
172 170
172 137
137 99
47 226
116 170
167 63
128 20
65 137
24 167
36 177
183 20
170 161
188 214
108 236
170 42
177 201
135 98
167 20
33 135
145 72
150 33
190 125
20 172
183 150
220 237
215 53
161 137
31 20
137 41
167 137
108 119
99 137
117 7
202 161
87 190
53 119
53 170
32 36
87 170
137 137
20 46
137 165
119 121
109 154
107 72
137 135
240 145
190 170
36 20
137 179
238 85
20 190
38 177
99 39
87 143
135 167
53 79
158 170
165 190
57 72
16 170
202 231
36 38
170 185
194 158
20 137
26 213
143 220
250 127
53 128
126 36
191 20
99 53
72 137
173 213
128 38
53 29
137 106
237 170
77 32
161 72
190 250
223 88
188 51
112 137
190 193
53 59
249 120
137 137
188 20
158 145
20 3
137 193
87 108
99 38
220 224
108 20
85 226
188 167
57 117
98 36
190 56
65 41
231 7
99 249
117 99
108 218
99 190
108 249
137 12
68 112
190 46
53 42
108 137
38 134
170 175
112 190
55 38
3 170
201 26
137 213
202 137
188 156
20 195
247 7
236 99
24 132
215 105
190 170
118 202
170 98
235 137
250 143
137 7
38 119
167 155
161 112
29 137
117 20
177 188
36 7
150 77
63 117
135 175
216 215
188 42
41 173
99 190
69 7
145 220
72 137
170 108
188 183
99 158
137 47
188 79
137 12
80 190
237 105
99 137
202 201
20 137
253 213
65 65
68 87
143 20
190 232
99 213
32 77
183 137
11 7
20 7
135 167
202 236
20 98
46 188
31 119
133 115
188 137
38 77
53 202
88 190
99 145
240 167
24 137
201 117
188 20
137 24
137 99
22 190
165 137
137 170
68 99
31 133
31 179
99 108
254 158
190 177
32 188
188 53
42 53
99 137
12 145
77 20
32 53
130 72
170 46
38 252
190 170
108 135
135 238
137 207
135 33
177 137
177 20
52 20
117 248
170 125
85 137
86 24
177 226
227 172
41 20
108 137
137 99
170 12
3 170
188 111
14 227
12 36
252 237
36 177
7 20
177 99
170 53
137 72
177 137
46 137
15 219
53 177
54 46
190 137
135 7
99 201
20 182
190 167
137 125
99 202
213 188
201 108
17 227
30 227
137 132
48 190
53 177
99 145
72 190
12 137
38 137
135 137
106 53
223 137
77 137
52 188
72 190
51 161
137 112
24 36
53 145
57 24
87 32
137 214
108 167
85 29
137 209
170 248
99 99
111 30
15 247
57 137
119 173
237 125
39 80
143 100
211 175
53 137
220 137
46 86
72 137
177 114
32 135
77 137
137 193
219 143
220 117
137 20
190 137
188 137
210 170
36 51
244 108
252 12
53 202
188 177
231 135
137 108
65 137
42 39
85 177
188 46
53 119
137 231
68 112
177 163
99 119
188 31
36 177
215 108
71 246
20 99
20 135
99 108
145 177
77 252
190 150
170 225
166 34
41 207
65 226
77 188
170 72
20 30
137 51
98 202
20 58
231 108
68 235
117 183
165 155
87 193
42 138
235 108
137 252
99 215
188 170
143 135
224 249
2 45
137 119
137 108
190 137
137 32
108 252
252 108
175 202
143 161
12 191
79 137
137 137
166 99
173 7
121 165
12 182
155 158
34 188
7 170
135 135
188 112
99 137
201 193
227 213
137 30
135 78
211 252
219 137
85 99
137 45
98 12
38 188
39 98
250 135
167 108
31 47
87 36
177 170
188 77
158 170
38 190
170 111
115 93
57 53
15 227
137 32
53 57
85 170
39 81
127 31
24 215
170 121
59 72
135 172
135 29
32 182
215 7
108 72
190 89
173 170
155 99
56 165
111 188
99 20
188 108
123 108
41 53
137 155
248 135
85 103
190 223
77 112
137 170
98 170
137 170
137 145
232 120
137 250
137 169
190 117
225 188
53 170
137 235
77 115
132 177
20 250
165 231
223 108
227 65
126 188
137 201
77 126
111 68
165 137
59 31
188 124
136 137
77 158
29 135
135 34
214 53
77 72
190 158
136 53
166 108
188 32
54 190
43 161
170 42
0 53
29 158
190 190
202 22
227 170
112 137
20 137
79 135
119 137
20 188
137 111
188 89
161 7
198 36
31 12
231 20
99 26
15 188
133 202
137 137
143 170
143 108
190 167
106 170
177 211
79 83
193 45
202 190
53 153
155 237
172 3
77 85
20 112
117 170
227 232
143 99
36 137
250 99
161 79
237 137
99 108
135 26
124 12
100 121
158 137
57 161
128 46
233 170
252 188
145 220
158 137
60 137
53 170
223 106
12 42
137 76
4 143
202 38
170 98
126 213
231 32
68 145
170 170
99 52
39 170
22 133
223 170
252 137
99 99
193 55
213 79
36 135
46 155
98 22
158 161
26 137
137 215
143 72
65 7
226 190
20 88
68 133
240 126
42 226
254 137
137 201
80 38
188 135
87 249
77 117
190 155
190 36
20 108
51 137
188 135
108 20
243 137
143 99
137 149
223 20
57 106
188 170
47 137
175 175
108 65
36 159
117 190
143 210
85 24
24 36
126 137
24 190
135 170
53 68
137 36
59 87
128 39
29 55
108 255
193 191
108 135
121 125
36 177
108 55
170 217
108 223
99 53
137 20
170 223
20 135
20 137
87 52
137 99
158 252
77 175
191 20
42 8
135 161
133 135
68 108
22 38
207 38
170 99
53 244
7 188
188 168
137 87
46 117
24 190
170 137
135 108
188 137
170 135
143 249
201 77
42 238
137 53
47 190
170 205
7 137
137 135
154 7
124 77
167 238
218 77
24 7
161 176
36 170
240 188
19 29
120 47
158 167
154 231
108 109
133 190
36 137
20 7
137 158
137 89
135 121
99 77
223 53
170 137
158 158
20 20
190 170
160 190
167 135
170 201
238 31
120 85
29 170
188 213
202 135
68 20
190 183
131 238
19 20
99 99
214 41
8 57
36 143
190 9
137 137
137 135
85 53
53 135
53 20
137 101
145 32
108 65
29 135
170 16
170 46
177 147
137 143
207 88
137 119
155 12
8 170
119 190
37 137
193 137
46 177
87 34
211 137
137 236
108 158
20 170
170 175
157 24
55 53
53 108
77 118
53 221
88 170
175 177
137 137
53 188
24 41
188 87
226 213
186 254
20 137
158 99
119 126
145 135
53 118
161 53
207 231
99 6
20 36
161 137
105 89
170 215
213 86
202 190
46 53
190 165
246 137
213 188
53 249
114 137
190 77
98 38
167 125
172 108
209 77
131 125
190 36
170 121
177 108
202 32
53 46
158 60
177 207
108 170
190 134
137 120
202 190
137 188
99 0
232 111
188 213
108 106
85 105
211 99
24 137
88 207
137 137
12 108
68 7
80 137
68 5
193 161
55 31
99 255
231 53
31 5
121 20
99 201
165 137
137 126
158 106
55 26
31 223
31 42
170 193
20 42
167 51
135 108
135 202
85 167
188 190
240 158
38 137
223 215
179 177
207 20
119 86
215 53
213 99
108 137
188 238
68 145
188 137
190 60
175 250
87 190
135 158
167 53
190 80
137 175
36 33
86 99
214 72
135 117
237 108
65 153
137 157
170 108
99 68
72 24
137 53
68 20
179 239
160 137
99 42
108 119
121 136
236 133
32 137
122 117
188 177
63 236
99 207
235 20
137 20
145 117
36 135
99 190
26 137
137 99
56 65
137 108
190 86
137 85
127 190
223 5
155 143
115 202
7 99
137 188
20 161
170 53
135 39
72 190
111 36
190 232
165 36
119 119
137 99
232 53
166 201
53 213
177 145
126 77
53 20
20 68
202 137
31 20
137 99
190 72
135 85
133 135
231 188
183 53
87 57
53 112
19 223
36 188
99 108
42 202
99 238
135 63
165 55
55 177
137 161
202 68
133 135
26 137
175 98
108 201
238 42
108 99
53 125
135 20
143 190
126 56
158 121
245 170
192 31
47 108
135 213
124 137
20 137
211 246
57 193
53 135
190 108
145 188
211 190
98 137
65 238
72 167
202 250
108 117
108 235
213 55
53 147
177 188
217 7
137 161
117 188
137 72
237 226
161 188
143 190
127 188
149 42
137 214
188 251
170 202
88 98
219 214
137 99
137 20
53 188
170 203
46 137
107 205
105 143
41 190
89 227
117 7
227 69
38 108
137 20
188 211
53 32
175 201
158 38
42 26
85 135
143 72
68 202
137 137
53 223
223 69
106 119
87 224
33 190
99 190
190 105
137 161
161 72
24 188
137 86
220 20
53 163
156 202
20 108
170 188
167 69
7 53
137 98
143 137
158 33
88 43
237 137
32 61
137 87
77 161
7 53
137 33
20 108
57 87
55 32
124 108
111 231
190 157
237 225
30 68
68 188
87 188
108 77
85 79
195 145
237 99
98 145
137 223
50 24
172 135
99 36
137 225
99 41
86 188
177 39
118 7
143 173
55 160
190 41
170 233
176 214
190 190
20 98
128 172
137 72
219 78
42 108
135 137
135 252
90 55
202 137
201 188
53 137
7 99
87 135
135 134
145 137
201 230
202 188
76 135
136 137
227 190
46 108
175 42
137 108
157 108
78 119
167 211
137 119
208 20
79 99
215 77
38 137
56 190
111 20
143 72
32 87
137 42
137 145
252 190
158 170
238 80
108 108
38 99
167 188
30 252
53 99
137 7
20 89
235 190
145 170
53 135
190 53
161 167
82 98
135 68
128 119
137 34
44 77
231 77
120 143
137 170
231 98
53 202
1 170
53 167
188 20
66 137
240 137
213 29
223 137
117 99
135 46
245 137
137 85
6 170
68 20
193 172
36 192
42 137
230 21
99 117
72 135
170 137
65 137
7 135
122 161
136 145
232 20
46 47
137 46
167 7
190 33
98 135
126 20
31 170
213 128
188 137
20 170
68 240
88 190
68 99
134 80
20 131
46 98
98 252
137 75
72 99
145 98
170 145
126 161
237 72
170 91
88 135
108 98
231 137
20 214
201 85
119 137
215 53
238 7
7 252
133 42
11 20
181 170
38 72
135 137
51 106
137 117
252 111
20 112
5 108
87 108
135 137
85 33
145 137
98 137
108 207
68 136
85 177
68 24
202 137
137 77
137 15
137 214
201 202
182 108
32 99
87 236
98 150
135 108
170 32
65 143
223 177
53 12
137 88
137 137
169 231
137 238
117 137
155 70
223 65
135 145
250 188
53 173
223 53
65 108
101 155
32 232
132 20
188 201
252 16
167 12
137 20
20 200
53 170
231 42
137 85
21 20
188 29
24 170
188 161
213 167
30 188
31 135
108 223
143 167
55 190
158 188
24 158
177 57
36 36
24 214
188 128
137 188
225 99
190 137
177 91
53 137
192 170
135 99
38 108
137 188
137 46
117 202
47 137
99 137
191 20
77 53
143 99
33 135
137 139
137 137
190 29
215 137
137 211
87 211
137 223
33 165
250 190
177 108
182 173
108 188
231 126
213 182
53 29
177 106
106 117
190 137
193 143
121 36
20 53
177 223
33 86
188 125
135 20
226 32
98 124
53 188
99 108
3 85
188 99
80 170
87 190
137 135
68 201
99 137
137 137
137 108
137 188
65 7
167 137
99 170
170 42
190 145
135 213
98 137
24 188
190 65
33 239
20 87
42 68
161 32
20 51
72 53
20 119
85 99
108 99
135 77
87 30
79 137
89 20
87 120
99 213
137 98
37 190
127 223
119 195
252 91
145 249
167 108
42 89
248 170
65 53
193 87
7 223
145 168
252 137
137 181
98 190
68 135
7 137
161 117
179 232
240 3
83 99
54 145
137 170
20 117
172 252
12 252
190 137
170 248
119 29
108 159
215 135
135 24
39 20
161 98
158 177
125 156
225 137
20 137
125 99
47 190
85 137
20 32
46 53
108 39
32 202
128 99
191 33
135 170
137 252
36 170
53 161
190 99
165 72
137 108
56 53
46 99
117 137
108 145
85 99
137 159
191 108
145 46
177 226
207 240
86 245
99 211
136 33
207 190
188 201
99 230
237 188
99 191
143 137
65 108
119 219
117 231
137 68
108 119
87 98
252 190
46 172
137 135
211 77
202 137
167 224
20 172
231 201
135 65
223 99
115 49
211 124
238 231
126 137
201 213
68 99
137 32
77 117
3 20
188 7
202 38
230 188
85 46
170 68
42 153
207 135
111 186
223 29
201 38
99 249
53 190
86 137
117 72
77 232
45 85
201 137
68 72
85 167
87 9
170 201
137 20
53 161
231 109
108 30
177 137
137 46
112 137
137 177
65 192
156 137
117 33
137 240
42 137
77 137
14 32
137 36
38 24
53 36
244 99
108 252
108 53
135 124
240 108
181 135
177 126
99 42
46 85
145 137
236 137
117 20
137 112
65 98
135 248
78 53
188 231
108 20
137 137
137 193
201 20
167 188
77 46
24 170
108 85
190 12
71 137
163 53
225 108
101 252
39 195
108 135
72 19
193 170
217 87
190 165
125 145
128 188
189 126
238 63
241 161
128 179
78 117
137 43
143 7
108 177
20 117
155 34
137 215
135 20
99 16
190 120
53 119
215 43
86 161
68 36
53 111
80 53
20 119
20 188
136 167
137 99
213 190
145 249
190 137
72 219
99 135
170 158
227 20
170 191
99 252
177 188
137 72
128 137
53 65
88 177
19 195
44 99
188 108
87 195
87 53
24 190
137 202
212 38
126 20
137 53
137 77
170 190
80 32
137 240
143 108
250 108
77 99
173 32
223 137
137 89
213 137
65 170
38 188
170 137
161 85
137 150
213 79
89 161
98 188
87 88
137 188
202 188
85 39
182 163
99 238
137 12
223 203
47 109
137 191
42 119
244 170
137 98
135 87
65 20
53 45
117 202
112 46
126 12
100 65
201 213
213 231
38 135
20 53
240 190
137 137
65 135
231 188
99 143
190 223
112 87
244 202
240 182
123 99
99 53
20 36
249 80
53 7
170 53
190 239
59 87
143 167
108 53
209 135
170 111
7 34
252 7
99 163
53 137
128 146
137 190
137 53
190 79
135 7
137 53
137 173
87 170
112 155
77 106
65 16
137 134
20 137
222 175
77 53
158 172
53 135
20 98
188 50
65 99
85 85
137 86
202 83
137 137
20 99
88 99
77 226
68 222
117 240
137 177
223 252
57 85
170 137
137 59
170 193
98 190
7 172
145 91
20 53
232 108
137 254
170 53
215 46
137 87
220 252
137 115
137 137
137 130
99 155
53 161
72 53
99 202
65 159
72 135
72 115
188 17
108 149
188 83
193 137
238 42
24 119
188 135
54 137
190 77
243 47
150 38
117 137
231 117
243 137
20 188
53 177
137 12
33 222
36 36
57 20
137 190
219 188
240 99
211 137
244 117
20 39
167 215
87 5
87 167
213 98
135 137
3 190
254 210
137 53
46 53
202 120
85 137
20 170
117 72
137 77
53 68
137 215
167 137
170 85
202 87
188 87
231 214
117 119
170 47
7 175
143 42
135 231
161 205
190 24
53 161
201 108
68 108
143 42
3 68
190 158
120 46
72 99
120 72
213 237
42 42
98 54
70 94
108 36
137 137
80 53
166 158
202 137
165 137
144 137
108 124
238 135
155 163
24 223
137 143
65 191
143 202
20 137
214 20
106 112
77 213
7 65
188 158
38 137
42 188
117 252
112 145
126 115
202 55
188 177
170 99
137 60
20 98
99 77
195 145
86 213
231 17
47 41
248 33
20 137
201 38
215 252
212 42
20 24
125 137
108 166
170 75
137 240
177 177
135 137
68 82
87 188
203 20
135 57
38 170
53 225
87 188
191 79
24 53
26 38
115 183
53 137
137 170
143 137
52 41
137 98
167 119
117 20
137 115
53 231
38 42
190 108
137 188
20 108
252 36
57 38
36 195
252 157
244 85
31 190
190 99
201 99
177 128
111 137
108 217
22 108
77 137
98 202
46 77
99 34
118 53
137 95
108 47
135 195
20 135
135 65
211 188
137 161
36 119
20 19
7 19
137 20
191 170
188 137
135 87
36 167
106 137
104 77
72 137
42 137
188 68
213 93
158 135
117 52
108 135
137 24
38 53
133 20
111 87
235 137
137 188
170 81
173 87
135 29
99 188
108 190
137 77
77 99
137 224
170 201
191 190
137 238
137 220
20 165
201 85
249 20
53 24
190 157
87 235
20 30
132 191
32 182
201 223
137 188
135 226
137 7
32 175
137 137
51 137
99 188
15 231
108 188
108 98
85 252
186 236
74 188
136 161
252 3
7 137
235 77
211 7
89 137
213 170
31 133
111 170
5 249
22 190
170 26
53 137
158 156
137 170
231 108
211 30
163 12
20 117
99 160
88 135
86 254
109 68
20 99
246 32
135 56
77 20
137 108
20 232
72 77
99 137
36 190
20 190
99 170
65 137
99 137
223 172
213 252
7 190
252 33
188 135
170 20
99 117
170 117
99 43
137 170
108 188
231 188
135 136
41 170
119 240
99 251
99 170
125 53
42 253
190 72
53 68
137 53
207 20
63 166
145 170
85 188
108 99
137 130
226 137
170 117
190 170
190 126
99 190
239 135
59 244
137 135
143 38
136 87
39 223
53 161
193 202
227 177
186 143
157 72
100 137
143 68
36 42
170 24
137 231
108 137
137 135
170 223
32 24
223 20
88 26
77 143
135 137
12 87
213 55
246 175
179 188
31 99
190 72
133 53
137 83
99 150
137 145
53 53
190 24
176 108
99 223
7 137
220 20
53 202
51 137
55 154
250 135
20 85
122 165
143 151
145 188
137 46
195 12
170 159
190 135
158 99
170 213
190 20
117 190
55 106
161 158
99 167
190 94
188 108
231 137
78 36
167 135
143 137
135 222
56 99
137 77
165 135
137 126
158 224
213 197
238 51
175 46
170 108
87 145
225 167
137 135
137 215
108 128
20 119
190 137
170 167
51 29
240 137
79 170
190 188
135 87
158 100
108 119
20 137
135 20
39 137
101 170
65 144
154 137
87 32
170 137
137 36
136 236
99 51
148 137
137 252
72 235
108 137
77 33
117 170
98 223
172 79
158 143
208 149
214 20
39 238
38 65
135 188
213 231
30 121
85 135
170 108
47 237
119 72
137 135
135 111
85 136
87 86
188 119
195 137
73 53
53 53
161 190
131 137
38 149
65 108
77 190
170 86
137 32
143 46
185 24
77 136
12 30
87 254
252 145
137 68
12 137
57 202
177 173
26 135
98 172
33 170
38 68
88 137
137 136
135 31
84 190
137 188
227 232
202 183
231 99
59 99
53 170
223 137
133 215
227 32
137 53
108 20
254 38
126 108
39 202
190 120
223 36
237 210
161 99
137 72
215 111
87 108
86 188
177 137
135 222
137 188
145 188
220 213
137 223
111 87
137 99
72 135
87 118
137 80
137 137
77 7
108 53
36 137
202 137
52 24
72 72
58 193
137 137
223 111
125 213
108 137
0 137
214 188
190 105
188 232
190 137
170 137
68 211
220 137
135 117
236 137
213 188
53 224
20 85
29 213
38 108
170 108
211 188
192 38
238 133
111 175
77 223
150 137
46 53
137 77
167 137
20 51
108 135
213 53
42 137
145 132
108 137
211 249
65 223
161 200
135 201
63 190
226 143
161 135
252 219
231 170
137 176
53 117
137 137
20 99
137 99
188 190
133 53
177 20
170 5
190 190
137 119
214 108
170 20
7 65
137 42
65 190
188 12
202 72
137 136
137 213
252 202
182 170
183 137
7 193
98 170
137 119
135 202
119 190
137 158
238 137
137 237
232 236
213 42
170 57
108 232
53 42
223 65
137 26
135 224
36 177
222 145
36 106
240 214
119 87
226 137
20 85
24 220
20 68
80 30
120 224
119 220
137 177
54 190
155 237
135 100
32 177
137 119
41 20
99 51
161 190
235 65
188 137
198 53
31 235
240 98
143 135
214 125
144 127
227 99
32 188
137 47
32 32
116 158
150 87
177 20
137 190
32 68
32 32
119 220
26 46
201 127
57 63
38 213
135 190
128 105
51 128
137 32
137 128
190 29
24 137
100 137
6 170
133 149
135 20
169 137
153 156
20 193
165 99
133 170
137 20
193 250
99 87
47 38
87 137
182 188
85 195
3 79
161 20
190 175
210 223
104 38
135 137
117 108
99 77
99 202
20 188
108 167
53 143
170 20
158 201
170 30
38 137
31 137
215 53
99 57
137 213
167 53
38 99
20 188
53 137
137 137
235 53
170 188
85 170
137 29
53 7
223 252
135 137
197 108
53 32
24 215
73 170
137 137
220 83
108 161
137 158
99 125
188 120
137 3
167 198
137 170
24 137
117 43
20 177
161 170
137 165
119 46
190 7
137 158
145 231
165 135
108 99
41 119
31 72
137 119
150 158
177 124
137 194
30 172
99 137
99 145
53 108
87 42
99 101
135 182
68 170
190 42
201 98
135 117
53 12
135 252
24 117
99 167
232 108
24 188
123 190
150 127
252 51
177 167
170 155
3 20
56 237
20 3
68 54
126 170
137 201
137 85
65 231
20 170
201 108
108 190
135 36
68 119
20 125
47 137
87 20
98 42
223 182
137 170
139 87
88 61
116 137
42 211
137 111
52 53
220 53
219 32
219 167
108 20
72 24
141 53
188 137
249 99
108 143
136 166
108 108
88 53
20 98
135 119
223 202
26 167
167 220
95 188
170 190
35 108
87 252
126 26
46 88
161 133
191 111
87 236
89 41
101 158
93 143
137 86
182 190
99 31
51 51
39 85
252 160
137 32
137 53
137 46
201 213
182 225
133 177
108 53
161 77
137 46
201 227
188 53
137 108
5 219
99 30
143 53
72 225
24 135
99 98
222 158
7 32
145 87
42 167
137 165
198 85
137 167
106 0
85 137
106 145
53 161
235 86
252 137
135 32
26 137
231 108
188 72
121 53
137 36
231 99
42 137
173 108
153 137
46 29
20 53
157 83
231 3
167 128
170 108
108 47
207 190
135 158
85 170
89 53
19 179
137 42
108 190
137 20
250 65
137 137
188 99
178 137
192 190
87 251
99 121
68 137
137 137
215 120
135 190
32 202
122 117
68 237
99 36
173 77
173 46
137 99
202 77
190 32
137 119
120 125
121 137
252 252
20 167
39 155
231 227
62 227
68 137
161 99
150 108
213 137
231 137
170 137
232 238
31 143
86 89
126 225
42 137
53 193
148 99
137 225
190 170
186 137
170 65
46 7
65 190
137 106
77 231
220 20
188 240
120 99
71 135
188 126
170 72
143 24
248 53
188 137
47 240
120 39
236 214
42 112
53 20
135 93
177 190
170 202
108 137
24 32
145 137
42 203
188 137
137 120
98 120
150 0
68 188
20 99
137 137
225 197
170 135
108 170
234 170
143 124
217 137
137 252
158 106
20 190
42 68
121 188
32 52
136 190
170 135
53 188
128 128
189 202
7 36
126 188
167 20
135 224
47 143
135 108
170 108
12 54
7 202
170 252
57 24
190 127
94 211
245 190
108 99
20 108
135 108
20 143
188 85
201 117
170 137
108 253
188 223
36 170
137 125
137 231
149 117
137 190
56 223
237 158
143 214
223 77
53 32
128 211
190 188
125 182
114 38
24 20
108 53
240 24
85 7
170 137
161 137
139 207
218 137
230 170
3 3
124 190
55 223
226 135
108 117
190 65
31 74
143 56
120 99
188 137
190 137
150 137
38 89
175 53
108 20
33 234
145 240
87 190
68 137
20 12
252 85
137 177
236 98
223 177
53 135
190 53
170 170
150 135
228 29
190 137
190 188
158 170
213 85
38 117
99 221
252 36
137 161
137 99
133 20
124 30
42 137
137 119
0 213
36 20
170 20
135 57
220 213
145 139
77 131
193 135
6 121
231 158
24 41
190 112
123 20
24 65
85 227
20 42
53 119
53 38
7 220
108 253
120 108
24 101
99 20
188 231
137 161
143 38
117 137
250 135
135 80
99 89
188 108
99 135
20 137
207 72
137 38
189 12
87 248
20 20
68 77
135 47
62 85
137 207
165 31
235 137
20 53
20 137
170 87
42 111
161 36
170 42
108 93
190 39
188 202
137 108
29 213
190 53
135 158
201 32
135 36
231 124
87 190
99 170
190 155
137 55
177 80
37 85
188 137
232 20
47 182
108 55
178 236
170 53
137 137
119 190
128 100
190 207
137 186
72 235
207 227
51 20
108 135
108 135
145 26
38 137
135 137
161 29
53 108
53 26
20 145
170 108
5 53
68 201
161 53
190 111
137 20
87 137
213 53
98 252
188 3
161 99
86 112
188 136
36 137
253 108
22 119
137 58
231 190
165 236
191 170
99 137
145 46
188 38
170 190
117 53
133 135
53 167
26 137
161 137
137 188
53 72
159 170
68 53
170 137
20 24
117 65
99 43
219 46
36 47
55 137
240 99
190 158
190 190
188 150
201 57
137 167
168 158
191 36
137 42
201 135
100 98
225 87
53 190
137 202
135 20
173 188
143 85
175 157
167 99
190 85
137 158
241 137
135 7
137 46
68 20
106 20
190 30
201 20
137 137
108 42
53 137
77 54
137 150
20 36
55 135
182 53
108 108
250 240
39 154
252 121
143 188
161 137
51 137
137 99
7 135
20 72
137 112
137 33
227 31
65 137
36 53
202 77
236 231
6 167
85 137
86 20
212 98
137 86
137 46
155 32
77 24
99 137
36 53
188 137
137 137
137 36
238 201
156 53
167 190
190 127
111 108
244 108
137 188
170 77
99 163
202 218
135 53
69 72
65 137
42 42
117 137
99 0
135 80
80 170
137 145
201 135
155 7
99 135
170 137
137 188
137 41
71 252
20 137
80 137
167 117
223 182
191 36
191 24
203 201
76 53
238 53
120 6
137 53
137 99
53 137
117 42
41 36
177 211
42 145
135 213
108 20
88 24
20 121
137 207
135 137
117 226
194 182
89 195
119 137
213 137
137 135
137 24
167 32
235 135
87 193
170 161
202 226
137 24
188 20
137 69
252 231
137 111
99 20
85 158
143 79
210 190
137 38
30 98
137 108
46 42
231 213
194 117
250 99
2 145
158 53
55 63
72 116
53 36
188 106
36 250
77 213
7 137
190 32
124 202
150 98
19 159
38 53
53 137
190 53
69 143
99 199
121 31
170 108
53 38
252 161
167 250
31 137
99 215
252 32
20 24
68 145
43 214
77 252
108 190
137 19
53 12
190 135
237 32
46 51
161 134
137 108
68 77
117 172
120 167
87 108
108 137
137 135
32 137
137 135
137 108
98 132
170 161
65 231
137 137
108 119
20 108
117 99
135 236
245 188
51 231
225 111
170 119
78 137
135 137
20 242
161 68
85 20
77 190
137 202
46 46
128 137
250 202
101 156
213 80
7 20
99 86
31 188
190 103
46 213
79 147
85 145
68 193
89 87
117 137
47 190
33 36
85 101
188 252
99 137
167 46
190 137
155 38
190 252
53 137
20 163
190 32
135 66
170 20
119 106
157 167
177 137
99 20
191 46
137 91
87 143
65 137
170 108
170 53
53 112
227 210
68 53
32 225
231 188
167 190
225 20
190 108
172 24
132 145
145 161
80 135
137 99
135 170
119 24
190 170
190 20
87 253
255 190
188 135
7 93
213 224
243 137
223 12
20 158
83 39
104 135
20 135
20 135
190 135
36 177
161 137
20 51
85 231
99 195
227 137
85 124
167 158
190 89
65 137
137 137
30 137
87 20
143 137
89 186
207 85
178 137
85 122
85 158
183 68
190 137
26 201
87 137
202 167
249 135
68 138
99 137
99 227
226 80
193 188
177 38
72 190
163 108
150 215
77 191
137 157
77 170
52 108
38 119
137 223
42 46
112 65
99 53
46 55
170 72
213 170
53 145
41 137
51 137
135 231
213 137
145 190
188 20
99 20
36 20
42 174
46 37
249 225
108 161
215 91
47 160
231 143
56 243
249 51
121 202
143 213
68 108
36 7
137 121
170 117
72 20
87 53
24 161
170 98
119 98
77 167
213 190
143 225
99 16
137 51
137 238
190 101
121 65
231 121
238 53
158 96
137 226
201 108
121 190
137 227
236 72
119 190
238 53
39 77
119 188
235 53
218 190
209 30
135 26
135 51
99 131
108 68
7 33
190 170
170 143
188 42
53 137
174 77
137 126
53 72
193 186
100 188
161 250
137 250
99 135
20 77
245 188
177 209
137 24
99 137
124 220
20 46
119 7
20 53
137 68
53 20
137 215
36 68
42 137
166 137
188 53
32 190
99 31
137 59
53 188
213 119
252 20
137 53
32 215
93 250
72 116
20 137
215 170
213 108
145 106
108 33
170 167
137 167
36 20
198 165
51 137
51 42
188 137
119 98
7 53
137 137
32 53
50 137
93 232
173 57
135 137
135 135
79 190
20 98
201 30
233 166
46 133
99 236
137 170
213 145
137 36
227 173
125 246
176 53
170 117
209 14
41 93
158 170
190 20
190 20
135 99
119 80
215 20
99 20
219 111
186 85
65 179
53 137
20 39
226 137
79 161
137 145
240 108
85 137
245 86
137 60
137 190
85 7
182 201
240 99
135 170
47 158
108 42
71 72
193 164
65 170
135 32
188 175
177 53
31 20
80 99
117 108
167 108
202 237
99 63
42 126
77 90
188 135
137 223
170 137
137 19
161 20
137 36
68 124
108 5
155 133
117 170
190 99
20 252
57 137
176 106
108 7
78 137
165 89
190 53
111 135
42 51
155 170
213 91
188 87
190 215
186 218
30 165
108 45
252 137
133 72
119 190
20 87
220 53
108 127
202 231
53 108
137 119
167 137
207 235
53 108
190 119
68 167
135 143
137 7
182 99
201 150
42 72
158 223
24 65
117 170
137 215
188 238
228 38
137 39
12 120
53 231
201 98
193 188
20 19
227 87
170 165
119 68
170 85
131 201
106 33
20 231
29 161
137 190
117 170
190 137
179 137
117 71
26 4
190 191
137 114
137 81
137 158
190 201
190 143
137 225
188 213
112 53
119 135
21 57
240 211
173 226
135 88
130 223
68 170
135 135
47 87
72 231
99 47
188 65
188 137
137 235
213 143
231 170
137 137
7 211
98 170
207 20
31 29
71 99
14 20
119 20
137 223
146 55
98 53
135 135
126 108
85 98
99 188
46 54
170 98
188 137
252 137
226 135
108 190
167 182
137 55
145 117
99 106
85 36
77 65
12 99
253 137
137 163
188 51
99 99
190 85
129 53
135 182
65 165
20 53
170 188
56 5
188 201
223 111
223 161
137 149
223 122
19 231
137 207
135 137
253 167
46 227
85 72
214 46
188 213
72 177
202 98
188 137
222 12
188 108
188 128
108 20
41 46
20 57
124 190
170 135
57 47
231 172
223 85
99 108
137 46
137 3
135 53
188 231
177 31
51 175
104 119
232 99
108 72
173 108
53 158
201 149
170 193
20 137
99 188
137 167
170 189
85 211
36 161
177 207
226 98
150 161
137 135
137 137
165 46
124 74
231 170
213 231
252 190
158 42
170 119
39 170
137 86
99 72
170 72
170 137
213 106
99 145
188 106
150 79
41 161
188 86
195 150
117 201
201 167
223 84
231 6
223 137
188 32
177 29
112 72
177 194
53 99
201 137
140 29
180 32
137 79
38 188
135 108
32 88
170 135
158 213
36 167
99 117
137 137
93 20
20 135
86 237
207 99
250 191
105 53
90 68
0 190
80 137
20 73
161 250
135 190
49 190
20 214
193 133
20 42
137 167
192 20
215 188
24 249
98 223
137 223
188 53
65 77
201 85
119 105
232 158
244 51
24 155
36 53
237 150
177 201
36 143
167 119
135 231
38 133
46 190
137 137
135 98
98 38
111 161
108 170
137 77
137 85
53 57
112 30
108 87
158 135
53 20
137 161
213 36
188 137
20 26
57 158
191 137
133 145
53 98
33 137
137 219
136 137
20 135
20 121
161 188
108 252
170 108
143 223
135 201
31 99
188 99
111 137
170 170
87 182
137 135
112 143
65 240
183 175
20 213
99 213
135 190
99 227
143 137
91 53
55 20
53 99
198 135
20 0
99 137
158 53
137 190
190 99
77 53
99 31
7 150
167 161
51 252
14 108
85 87
167 55
38 150
170 195
42 20
53 215
188 108
117 213
68 188
223 188
227 202
65 137
252 38
231 84
178 137
222 125
253 108
38 137
46 20
220 85
42 226
53 52
201 188
86 170
244 167
111 42
71 112
108 177
53 188
89 188
112 98
231 137
20 65
220 53
145 137
137 77
36 51
72 41
253 133
